4599518253658842730
4604421166706233761
-4618397074792323540
-4616330703267011615
4605213892679339671
4599231952585081938
4597489138497385262
-4629614812916763522
-4622891181289443761
-4623177943234378233
4603689376143871124
-4624119558870132837
-4618262072997424005
-4640917767904401177
-4624237396982823789
-4621547748576057159
-4621057643690731259
4603354451927543241
-4619353811155731080
-4640224875040364070
-4620601496894895125
4597433935523754676
-4617389221849664546
4607740596447476352
4604501866682482327
-4619951554460459038
4589995200112034695
4604702425851071084
4604787013410764615
-4614523596924368043
4601962670083227145
4604354449466495041
4603551821438312438
-4619732213873935029
-4628919852394883303
-4621146207843123439
-4626584517078719433
-4617710794819312954
4603464641584176977
-4621295286179898461
-4620190711926409604
-4625804218922110362
-4617626723609242665
