4598620281499294650
4608582350192705832
-4617271642728396059
-4616558073775893673
4605547502299041862
4578071923021354146
4601245492090009537
-4633213204231338626
-4620718558264986257
4579075531465201136
4604760232112990697
-4628861601760106058
-4619935175042612457
4594911046246793472
-4626910692630777817
-4620592780603759978
-4618958204946635072
4607392032198069549
-4622534174404866701
-4623619483248008586
-4618832318748851806
4599824282972146027
-4617389221849664546
4606893692433974289
4602162716886980218
-4621348811840903722
-4627829866737623909
4603592191105080278
4603017835264721642
-4614769052845326257
4600146312095911542
4600986079207184941
4600590372224384633
-4616673624508568685
-4624916622913956396
-4620222582285079517
-4640298085008184278
-4618221453229842122
4600837150927026683
-4619596548749678287
-4619104400414181372
4596012076926311090
-4617626723609242665
