-4628699440473501043
4616008389345838977
-4632813581288011865
-4617069972776620111
4602382972142751053
-4618156625848769895
4600929763584638588
-4625518339322888995
4589794758440207113
-4623224523453853116
4600650368876215074
4581427903998003343
-4622873009861639935
-4629076460038289868
4594987328595384776
4600209397301968116
-4620531141248246980
4603532178200347294
-4623645960093916418
4601668396636341986
-4620390558334468020
4594628182118527370
-4617389221849664546
4608873677966375812
4589248917488239651
-4618944581507560430
-4625606295359523860
-4625145690025714049
4604576074850336887
-4612537599671869320
-4651498082467359845
-4619899300767985424
4603207532000130118
-4615604263296512247
4590294349279965514
-4616464847299085085
4595632683902856303
-4618180887165793574
4601152879432396147
-4628618811143699266
-4631026053493639676
4585448387500703478
-4617626723609242665
