4599086886688864236
4604761520444342207
-4618797365324292152
-4615772999905225570
4604828937625264085
4589455981436886212
4595565909810419349
-4624331938877777528
-4622774863166010952
-4621533648415528934
4605439682956465177
-4633884473249894118
-4618945965329476837
4586341539925165722
-4623943388693092427
-4616384081133487839
-4620219799629447425
4603549680622309746
-4618528371615027618
-4625402992784257805
-4619642243535351129
-4658862581561792970
-4617389221849664546
4606398057971373653
4603349008796653294
-4619912710901370598
4595135168177796105
4603272921792675928
4603827760051219531
-4615616028444343827
4602256678372960445
4603444600923390593
4602896190381332503
-4617525648382791518
-4623557721226998966
-4623336778334060340
-4629320086406933009
-4618610135369684223
4603945448755917370
-4621098552182288955
-4620132552864692432
4582423283023602936
-4617626723609242665
