4598418340697983634
4603627787906498344
-4629355476346485336
-4610542868229990501
-4620695439022808098
4594408522752070224
4595403421106312173
-4617064577216017326
-4655826279335478799
-4616274711817472595
-4631753358523081050
-4619737451235381689
-4623958381486761952
-4624689303845612947
-4626071895817200277
-4632787394095325643
-4620039478666776085
4598569539585166890
-4622008395722034209
-4623701457873036048
-4618716467782110740
-4625491558476276151
-4617389221849664546
4607838576706486893
-4636604783635126699
-4619107533378453015
-4628881424103285630
4592292474344745201
4602901984297978038
-4621239396651310943
4600565710502698283
4608050787013082729
4602715869418661389
4580574481608690994
4603237617310096345
4601826289555455837
4597803427153099940
-4614733455867220227
4603986070931945762
-4622659201299870617
-4627713701717460667
-4625041818424438977
-4617626723609242665
