-4653048002604940890
4604170501114285581
-4617452928459435550
-4616946853513671421
4605821046118737887
4590130716651375208
4597638521018660569
-4623649493867203681
-4622761369355923646
-4620487030926532157
4604422261742040069
-4637197819925053618
-4619157066201041115
4587580572019038277
-4623374276248088285
-4616497941437962487
-4619973195503092013
4603058808123773286
-4619497672510334190
-4630338291540675785
-4619605111280399825
4586345657900638012
-4617389221849664546
4607369329719261670
4603799472949357341
-4620572736287417244
4588520598259883159
4604523961291337858
4603790627796269391
-4615964718245176833
4602752304995302007
4604560380416801686
4602620353337307244
-4616787284638070711
-4625988310002210159
-4623353972796545462
-4630628562849503568
-4619131324850306092
4603427295953857553
-4620460008469310737
-4620125805959652239
4589222437105851627
-4617626723609242665
