4603227070557349191
4603909962114995950
-4616704969212325369
-4615076733155703305
4606709676066381892
4600023329446815409
4597962014731503955
-4630423642493781035
-4621399366390408507
-4620896851525783990
4602537660453919123
-4626416191698651540
-4618784586425150315
4591699358167970073
-4624071703766695692
-4617029534237974385
-4619235176379486455
4603102928373168455
-4619727296990572627
-4621096228151939550
-4620165623802157120
-4632650635992716786
-4617389221849664546
4607107474373600801
4602509373369785391
-4620475291655300916
4584846606576145343
4604214337379296529
4604351140318027220
-4620242453051982542
4602128363299351102
4603547094421819259
4601144315090093029
-4622033965833992372
-4640037864670293469
-4625748916244216733
-4628674570789624296
-4619820541888652880
4603346422525649756
-4624504309887067656
-4619444804476891505
4592636281349540972
-4617626723609242665
