-4620455015539947827
4606198670976846908
-4615541297274148123
-4614371185684864822
4604548026146960351
-4629186959803094574
4600332508197069832
-4624189961763119063
-4619470299326878523
-4619144529268581040
4598859226001142451
4591394872430132738
-4616051712150238256
4594971894135128139
-4626509126849900176
-4622004921531505744
-4617187247774870337
4604605498614648932
-4617991652219978250
-4623741446720544636
-4621724463971648586
4595306146765934130
-4617389221849664546
4606526233387783509
4596270640237679790
-4627034911498982590
4597282045757994085
4601231376055369966
4605394357342758725
-4623476382467189948
4600347094986349628
4603611036791604717
4595921696216445972
-4616675593992223806
4595565270349080230
-4628496061089563376
-4621194133690695159
-4618583231785087286
4601750134819966832
4564195208971458157
-4617868811767499217
-4622531063528710147
-4617626723609242665
