4596510641910976664
4603856285142426728
-4616847967043017354
-4614648357356684838
4606174719865027340
4598677738491420196
4598016965869752151
-4623892051787575378
-4621663927413253434
-4622215500900112023
4603040512926598718
-4624491711999794294
-4618495227424355020
4594765369674731437
-4624307328879619412
-4616928426900436997
-4619546276406156080
4603458826245369694
-4619741567715264266
-4620653149383265680
-4620384299953285300
-4634506080116594666
-4617389221849664546
4606705477271866623
4603536324628712155
-4620519965596281742
4584572129298983272
4603991271004321109
4604569816469155976
-4618181910031434894
4601892738186429092
4603552353531480233
4601766515143432662
-4621734472963400482
-4633330193591070226
-4624313855684731663
-4627517134786445799
-4619117292948190287
4603332684741082704
-4622512924205509109
-4619577084988312322
4594148238042906787
-4617626723609242665
