4593115974239356114
4608064763959065195
-4618385096249857516
-4618959004187822253
4605622588816666033
4599625212679884304
4602833834092782497
-4624991848926457288
-4620441754648132102
-4629839999711113925
4604291228078799487
-4630727225319643643
-4618007178246567987
4600354188668896866
-4625932088996296700
-4621383133572142617
-4619427196575237418
4606154657776798749
-4620029434240439242
-4625404336130388744
-4619370912659597765
4601885152715755490
-4617389221849664546
4607894459440885505
4601738207534578399
-4619661535644692083
-4660980079315649228
4604001753494030592
4603556429175468395
-4615979042285963058
4600635613913147017
4601377280821505731
4601528355481595620
-4615993530408921580
-4626512444655154766
-4623907244410324985
-4625564938075298449
-4619784768148656466
4599093794004123009
-4619719179510319745
-4618840267088756852
4589201505896914094
-4617626723609242665
