-4619796512473096552
4604818972800163168
-4618435613992658451
-4614977252008024881
4606485623335941482
-4625939257843494567
4603887515996596258
-4615023538015366520
-4624322102119454715
-4618312785119541128
4604244446191677497
-4625484505761009859
-4618745723691862871
4601360826651028712
-4636274196611508369
-4621107487555497245
-4619773435932691331
-4625774157545339894
-4619959606883878173
-4631530313812534058
-4622990770509251619
4593348225245871702
-4617389221849664546
4603556319257915209
4603310722134242104
-4618246592958385508
4574400640133000933
4602787209403040180
4606027510611558970
-4616857214910117083
4596558335514946821
4599987393924642288
4602220834196506323
-4619154695686859257
-4626699572203653993
4585379736794132846
-4628519119856481023
-4626999528803096521
4595797640847703565
-4622881988563297664
-4621119127000700335
-4630177615748179545
-4617626723609242665
