4602829555920789430
4605546204907270733
-4620166359934665190
-4615931207148143520
4604542967047146090
4584823752985124594
4596437872532318142
-4625766939171756764
-4623273277202449312
-4622412955940033699
4604974835556359859
-4635659329466924842
-4618683049237686445
4592479254719985555
-4622959686652582367
-4616934608195835863
-4620145368152979205
4603705199492935619
-4618202032400933468
-4623297875680238495
-4619610298570387732
-4640205721506957893
-4617389221849664546
4606707328118936364
4603921068475287846
-4621661662053212695
4596440525034172724
4603385305710115710
4603795815086256621
-4616311260473708047
4602959599793056936
4603534763782859339
4602821758904862347
-4618523250240986867
-4624487416027216209
-4624545574985430768
-4628268422039772202
-4617664372508875140
4603727458075444686
-4623126428757358025
-4620381759882909405
-4635563411711466659
-4617626723609242665
