-4619841153651371491
4607492476459059519
-4619801424218881442
-4613890301413701338
4591930484823671598
-4631607043182534956
4601146521592577712
-4618843160481160488
-4620462510068543763
-4619535044137820896
4604319183370304562
-4625593299015161510
-4619112226609238213
-4629400087168601239
4580630712998851356
-4636559284816416775
-4621144622678031168
4606143747752978877
-4619687851566261725
-4625891919341317450
-4628612732758243542
4589877484511607929
-4617389221849664546
4599702863586886639
4603389871125093517
-4618998020314301582
4585477733365092441
4607217878627429624
4607583465836944416
-4615870823333330016
4594202394264273528
4605371419637092399
4603595310931964191
-4620184183048413080
-4626400623489147751
4583542843882543030
-4630269846115091468
-4620697772828172397
4600936121424457349
-4619993822237085616
-4618861022509167389
-4622478384232311899
-4617626723609242665
