-4637864661211854318
4603736507129453172
-4617135210044627143
-4614554597492763769
4606416860140137905
4598377825831526379
4598790364142358609
-4622602046820957400
-4622297780613586171
-4621339614971738122
4603397003945036845
-4622930310610030492
-4618556939657704690
4594278926282706945
-4625051223913800067
-4617040782371606780
-4620230555596799556
4603903119615205852
-4619419798579683403
-4620971664873819559
-4620971508779919584
-4632714351415029509
-4617389221849664546
4606020070675671368
4603428242694160568
-4619655255622131124
4589467300720428429
4603626019544805375
4605017879746891183
-4616844920098985636
4601148843152248779
4602960498203130395
4602906946348683646
-4622769889264997661
-4630478265443577060
-4624980101151697165
-4627763983719844209
-4618878636420046675
4602985549023663257
-4621425564315480085
-4619894011588477056
4589210272862589237
-4617626723609242665
