4593408618481545882
4604836348043696900
-4618039544894131662
-4616896706078172764
4604756695756759924
4596894228297294444
4598803891583422486
-4628930053905589906
-4621905349566229140
-4620147469212105937
4604346154430429060
-4629479887300406268
-4619145635774428550
4591753646762770195
-4623793476934859014
-4619025149105647111
-4620716523472583814
4604250395759502597
-4619624647804804606
-4636210743452109611
-4621118063950733706
4591647107559803050
-4617389221849664546
4607615252983288364
4605231109270055830
-4621044814297957945
4586488993548393266
4604021644843039464
4605091157332300758
-4615518144506554518
4602406590131193590
4605006082482770813
4603381261329239244
-4617933961566062313
-4626292739248653150
-4622256787300613283
-4630537119436608860
-4618049015933851770
4602978785303131740
-4621971113050253483
-4619697796064800346
-4631297214300265435
-4617626723609242665
