-4621802221116347070
4605962899294027034
-4616940823263970806
-4612920662232116681
4605594675307878040
-4624847744653984385
4602186933290116056
-4616479224702653500
-4620552233671921590
-4623245755013745993
4603866695969521935
-4623060896804912684
-4618433491154206247
4586437470331022608
-4629722501333288304
-4618912621501701313
-4621230057748776286
-4632442163234445965
-4620432070334523526
4580956801005351623
-4624300267460406620
-4627561848128679101
-4617389221849664546
4601299956178272703
4604652368835856692
-4618441991078196632
-4636620627856092254
4603941861335735902
4606682259087136860
-4617415203227683110
4598745928843758328
4603223774883416065
4603638028467337342
-4618272643201405494
-4628210573092283869
-4626524981938467134
-4627270189705847414
-4627644237054983882
4599895709726916688
-4619947232011080030
-4618950746112541958
-4629379119657765777
-4617626723609242665
