4605295376118349510
4608435411402367268
-4623561336099027961
-4615107141783147389
4591627652538725145
-4620940013128519108
4599065126342502472
-4618105885234474076
-4628280772731317773
-4624880987045098503
-4633355093893703807
-4617998051590772577
-4616635625933161962
-4624326707304395268
-4626181768585918891
-4624928561725535937
-4618328686430893728
4598214790814053211
-4620398083018746063
4605583280917146539
-4622603808035023194
4596755832458869819
-4617389221849664546
4609714615314284219
4604214511721734973
-4623147840416296514
-4637164424908536359
4579758067526517088
4605834029374444907
-4613257103896341531
4600510774118339510
4598851279738949858
4599331335192908990
-4615094649075077400
4603037400388772047
-4622198483541959439
-4622637773065585727
-4620700370197386388
4602848167923591366
-4617657804241574658
-4623535819901650142
4603222437398614564
-4617626723609242665
