4610775790699622207
4609134423064036070
-4616979615049546988
-4617966783578225297
4589870465973223352
-4630741859515994741
4570927992887505286
-4623978549010705806
-4620822424709737784
-4621109003657405137
4602610673799995130
-4620749186613660952
-4620767238842555064
-4635994858738540580
4593581491091759435
-4622090032781964506
-4621391113523817868
4591799961287400931
-4623729284747324113
4594433896393972491
-4619877503271623531
4605120476412724302
-4617389221849664546
4608762816818691381
4584281408796237944
-4625085503286487466
-4625439646052707702
4599789191172229758
4604063019787493775
-4612534518709448025
4584950921868805356
4584059285216286382
4603718556354856863
-4619366788638521375
-4638869651133030393
-4619156815676651073
4589170663811464764
-4622269704493191425
4605510618126666224
-4621051337834162955
-4619156333636556421
-4636121446854098304
-4617626723609242665
