-4637468049821310118
4604228914221937174
-4617697299498482096
-4614510143283694964
4606679933538825278
4594597624455606163
4599951946706126848
-4623858355686897082
-4622896279416624877
-4620863517355390677
4603429281411003835
-4623660443069280925
-4618087971170756400
4594406649655334179
-4627077267659949552
-4617213660250102359
-4619914642490084841
4603795395263554630
-4619344949417577990
-4620981638731595514
-4620649897157756808
-4632393968378621820
-4617389221849664546
4605737503557949921
4602718589471530748
-4619786395902748536
4590066094017279166
4603323227400682631
4604835413673625518
-4616324974965830466
4600063024581323586
4602518064220030240
4602503247311295433
-4621919755174239100
-4630220045715828693
-4624853269100024145
-4625888109772051387
-4618607638736097560
4602130696310910443
-4621220946845145456
-4620193260989999981
-4654926815135148533
-4617626723609242665
