4603722831372312886
4607834290516659927
-4620416971877482342
-4617666135365058531
4600132956540035516
4594618593919681890
4596331785799824825
-4634175660766772790
-4618401587281919490
-4621065448063205461
4602248093139422343
-4620507885533064447
-4616688817180664484
-4629230852483378299
-4626649581253355245
-4620517804282054934
-4618513054940529348
4605198399199014311
-4620390476072375386
4600761608502135754
-4619653896147649422
4591392003367074035
-4617389221849664546
4607700592484077767
4599144859573333754
-4620021822062306656
-4637286136050437691
4599658280152850503
4603839412663518768
-4615293889100768275
4600276867784620801
4603784056115253356
4599700072212177838
-4619751232370481765
-4646130667585577449
-4621821948532304259
-4622744155560590333
-4616811266094522577
4603753979758563272
-4618429158490288606
-4616800099722541374
-4631853645682083543
-4617626723609242665
