4590573465698263012
4608262382913726437
-4618243977318772973
-4617684800001964231
4606036761070156130
4595277622098289219
4603315994241108105
-4624548304035413019
-4620070035174899281
4593963328694710642
4603952583488805976
-4648439114945513208
-4618956822227862091
4595222472947005056
-4624190562777256873
-4622995240158321580
-4617678085338778607
4607371783036568397
-4620910436299043935
-4624921071574428408
-4617901286447601444
4602930176013488669
-4617389221849664546
4605992357570612528
4599061150977103217
-4619304974620121581
-4632454268961677237
4605080714900317926
4601494786754295634
-4615136168775911911
4602009504288791513
4601222069541309609
4597885046472086538
-4616558064942077235
-4627867023015140686
-4624090545157266174
-4629363514000467289
-4619767474990479822
4598083727869655834
-4618928630956636870
-4618468547615522613
4590071665497228523
-4617626723609242665
