4607272157200321152
4609275801950991357
-4618546764501838516
-4614858007939285607
4604270391293132649
-4633409867850823061
4602878329964138084
-4624399093911429038
-4629167156392700602
-4637969020253997094
4603278085594026588
-4634662824074268924
-4619954896930657434
-4632266507190930383
-4629730510505612945
-4623915772626554086
-4621647661641025633
4605017104159315558
-4619936217862346156
4586696251765849219
-4623312906152559154
-4631528319725520403
-4617389221849664546
4606538263133300612
4604920255681824911
-4624916794987540405
4576525828148841981
4608405104966118790
4606188578433211247
-4612382900098888548
4598743926550675519
4599048036302811482
4603846830413459520
-4616528388043406922
-4631429612251640766
-4621557618132003344
-4640929185425728036
-4621121330364957020
4599004802261411469
-4623833116069338116
-4623979011732344113
4593433226682975060
-4617626723609242665
