-4610124383218280888
-4611001844090305725
-4614350372636412518
-4608977234403457937
4608718507717825960
-4622544375947758303
4597375380632519951
-4612949448795218708
4589912462712974628
-4613649412197001819
4603680090958393630
-4616398548568787698
-4622471573675304576
-4615635439378620297
4602165132499403306
4600052080388965479
-4622704995892441776
4600327573432524791
-4626907216498751316
4604734701076656659
-4621349347037408637
-4617607091151066650
-4617389221849664546
4609415039914249640
4585422098497560353
-4613496171899646531
-4622995499524298522
4604582778727836860
4605206798875636723
-4612278530514614077
-4624034934566645423
4599672698114176656
4604375497539168508
-4616373880742648496
-4628956993136788618
-4616589770715548407
4594829811530184898
-4622796717371177897
4603493081050390375
4591636124815142876
-4631143757766405086
-4639818211975020133
-4617626723609242665
