4609816144020290647
4608102991361837822
-4629229117569654719
-4611701642106487631
-4620517286866591594
4607995376926575944
4599644013473247047
-4612650350163980138
4588014020430554125
-4622236606115158786
4602748842250539483
-4614195127309190738
-4634304409109520089
-4619343649858822479
4602442420941563073
-4622564165671964241
-4624780756600755052
4603616149924654294
-4633697015900925188
4598726071529392856
-4619812105973943262
4582129369390557699
-4617389221849664546
4607158960195290495
-4627804510903636676
-4618428042428164934
-4620646483623177976
4602965574468545365
4603997622489813594
-4614886011973905331
-4623757646124485733
4609139216672884440
4605413377893326337
-4618794721096955786
-4637123101434874229
4593359933138631164
4602618007960613193
-4617521940319438788
4602438629543788192
-4618433799601719717
-4629822315413974556
-4622515538251278978
-4617626723609242665
