4593527332574982590
4608340584538293364
-4618014641236769837
-4617391443953041332
4605891048679826110
4594561727744663206
4603043024999140862
-4625102615559454885
-4620131039840312191
4592353801973639913
4604224048354564797
-4642035489050894452
-4619030120984927534
4595290666281379897
-4624811663991218566
-4622627198450758808
-4617713396651816343
4607407263115954773
-4621456389517684709
-4624664069901568774
-4617921739543267614
4602540321417223049
-4617389221849664546
4606075085327376714
4599559308370814168
-4619565410452011661
-4630270456087102838
4604817947266236261
4601535692945630494
-4615079641825299547
4601388403074827639
4601264201978861597
4598026291724225441
-4616623961814999190
-4626781163552108388
-4623384250558357578
-4629656709028731525
-4619360588296392939
4598675412191404096
-4618927945505003698
-4618529552280933299
4592107974730693276
-4617626723609242665
