4604992588396636498
4612790597419759794
4604457618694480229
4599896680576898951
-4618498458905014544
-4617003270126169308
4600988922927024815
4600951847183994920
4600833701703970752
4600775480947970053
-4633026292255962099
4597643374132644288
4587972874883917667
4599669992214537885
-4638847323710020233
4598957333359732017
-4620057505788464211
-4628642156178438525
-4627840961581316576
4602372841193522821
-4617972356510732388
-4633506029079302258
-4617389221849664546
4595278035021711735
-4627060268375991429
-4617476824901061246
-4622528626983020274
-4617935956171921185
4601636926880556707
-4614169008872903225
4595932517180118872
-4612950109270978795
4602733896540347649
-4618323324112971347
4603078500593489191
-4615729355458543455
4603693342351478834
4602860223081612053
4601093720090012518
-4623154241361128632
4597086233625150655
4601601453066708263
-4617626723609242665
