4598334137357333632
4607804654950246531
-4618965768994023366
-4620026305251346823
4606223318768505770
4599723748954966777
4599034389278937005
-4625823267555936343
-4621191272195434336
-4623543987610829344
4604987555149074674
-4626103305133260590
-4617606988911165450
4600836774630136923
-4637169109124848984
-4620484210569986327
-4622031678726022828
4606512355932882601
-4618637970637423420
-4633215176477705899
-4623270522800278301
4599070848840452862
-4617389221849664546
4608047685630338780
4601775748039882519
-4621442586669631241
4594696772088212056
4603438146871265714
4606167386757074100
-4616332923422272162
4596334607386614491
4602785488550503691
4604038838955958108
-4615797801828602389
-4624461976841783630
-4623070047847841420
-4624580499021589481
-4620059058353255353
4602863536455373502
-4622532404001723282
-4619340757379400870
4587976666554581444
-4617626723609242665
