4593875432929843355
4604241546301108338
-4618524119726419050
-4614419771174323288
4603055225485278809
4597480454159721929
4599708712699108430
-4621339593703067096
-4620161632858787398
-4623917548836247067
4607154294957883541
-4628179825117406079
-4618422002040075360
-4631811793264434896
-4628273185535726356
-4619506591008606918
-4620172285605669352
4600992324207865903
-4620997467011267112
-4627012658616124437
-4619377238785223369
4595251654387740083
-4617389221849664546
4606395490066169439
4604949587861917103
-4621665499502198923
-4632106146112760387
4605072493838953621
4603562755301092863
-4614840538716469016
4599465065643435930
4607923605754469374
4602848676357550916
-4618316804203656761
-4620410857453147393
-4632111796495617125
-4627224233249332344
-4622575824100603453
4602373930317929184
-4620089727124613857
-4618560145299408960
4586615318919477391
-4617626723609242665
