-4632362513004018250
4603792994841703032
-4617249669052529261
-4614542168776542200
4606606889301452383
4598089203232870168
4599085143367204249
-4622614930726338120
-4622630206857202187
-4620931747700207290
4603460012481618390
-4622611636075774670
-4618574182829755577
4593956206712510376
-4625547813251308604
-4617062750953872114
-4620394746720810904
4604016165600853119
-4619306140239401283
-4621203995708862920
-4621195310512442030
-4631967091864843071
-4617389221849664546
4605920322099759567
4603259605024618957
-4619334379333819741
4590376567442702616
4603469561890722537
4605129780613156611
-4616513369834752235
4600827751785640405
4602733318560287146
4603071137472693202
-4623099749878347220
-4629974197150911591
-4625296953987557410
-4627832956408039391
-4618865860830161942
4602838159411239439
-4621379958320603957
-4620060224710291260
4585540453405259011
-4617626723609242665
