4603728843287359439
4605276962887391855
-4620654730113676026
-4616145871902539158
4604956446203258992
4586027514893989031
4598464693438977070
-4625795648965416506
-4623242857878081304
-4621403692806099697
4604215441962093013
-4638991936386188792
-4618572992534602410
4593998330574381811
-4622427128095657242
-4617012638518240240
-4620097277378773400
4603320019169811116
-4618501350247833166
-4622743648233592375
-4619522802106193129
-4649222380740570791
-4617389221849664546
4606640922448107298
4603722624091268105
-4621892224793482157
4595243253646566813
4603917270675498622
4603708318622062755
-4617545975843554923
4603225879071519747
4603508946783564673
4602773668130656580
-4619613645152138816
-4626815589121990632
-4625536843101156469
-4627828195227436301
-4617378566445306129
4603148384375351111
-4624338820546812351
-4620366550220723458
-4636319287030810775
-4617626723609242665
