4603869671244696803
4605505710001096064
-4619454437642039587
-4615334386230215463
4606580863803252519
4556423559074458076
4599871967204451317
-4627841831491914985
-4622762431251702073
-4619998149632754434
4601360835521789084
-4633447694761028994
-4618023020222777199
4595397223162554340
-4624596799421481905
-4617955281956593199
-4618416769987045862
4603873862424136142
-4619646018856590475
-4620874498092028441
-4620267129853206304
4589469154148002699
-4617389221849664546
4605717826284748339
4601930738002550823
-4622856115237025224
4586147056719826561
4603846281497358755
4604452646369077129
-4618611498313236153
4601603267644566101
4603189663388377984
4599507502305211079
-4620235158969859018
4585736945104829690
-4623953126714654665
-4625628305980132625
-4617880579803698205
4602210675812588215
-4624710452199777129
-4620126336907536368
-4646991867993233156
-4617626723609242665
