4588960135408764083
4603987940167390256
-4617010327053623070
-4614488687717147355
4602076310048840174
4595587341318871591
4598374262131370948
-4620566877511135810
-4619826350148680635
-4623335630739126513
4607194439260933229
-4630422122629989261
-4618445291602961686
4576995424778516968
-4628791626513992082
-4619281199915061399
-4619751625610164911
4599623595500030660
-4621415023104318076
-4627303154623375321
-4619524553039361455
4595863126863450244
-4617389221849664546
4606813288818568371
4605348342603485072
-4622112441745156491
-4630435921740550532
4605575984919948933
4603710069555231199
-4614796962206189531
4599205845154303724
4607885102122818471
4602177213551451649
-4618722162423402150
-4620358692689183225
-4631410555568318776
-4627317391500860232
-4622785308492778741
4603193600029156594
-4620599727905646840
-4618224862589303943
4586612264225153388
-4617626723609242665
