4603152957908095498
4609149410875980617
-4618584563680244132
-4615697310407418523
4604260638140589247
-4628164458365369452
4602419008804843977
-4640764944868850875
-4623047569480053675
-4636993231629913612
4603694974341726846
-4631050580298982694
-4619645549706945579
-4644299752780797586
-4624265949864355905
-4619961040392802334
-4620450176266772380
4606502218661983552
-4620657501574013780
-4628553504738858989
-4619957087059276877
4594691622193806153
-4617389221849664546
4607406824071224219
4604429267732151187
-4622637549771223023
-4633608872294246300
4605263606956884921
4604142603575145651
-4614053945600060472
4601934117201690351
4600371409919748599
4603126567018656372
-4617491441002325640
-4628897459603458384
-4620763578595364839
-4634868845229245242
-4618798148745293828
4599663634212194609
-4621452326708497281
-4620268906021708982
4598263055261642381
-4617626723609242665
