-4634065956383557350
4604173257097512501
-4617658338440357738
-4614500731792708177
4606725710593900179
4595037614943229371
4599921103256648107
-4623693244088862488
-4622962458405835242
-4620751099388057228
4603457259439064832
-4623393665262714743
-4618173544573307790
4594275520787491642
-4627061185831189737
-4617182393169938298
-4620032342766907135
4603854789753200121
-4619306967054309782
-4621089592177999217
-4620758106069642576
-4631963445922959608
-4617389221849664546
4605743072865371970
4602741865850844856
-4619602472087344244
4590369952923422773
4603301420421299560
4604911178391754391
-4616265211954544441
4600071065495703363
4602418810196427278
4602708733518790405
-4622204894341224281
-4629996221491360334
-4625009262421589616
-4626230403382256824
-4618664730568084658
4602161539760393555
-4621215938256019265
-4620226350484607147
-4653604141530819203
-4617626723609242665
