4598003800990060500
4608232348485293486
-4618587596572114167
-4615347673038081290
4605251715937345815
4571848188610882076
4592237211276162058
-4625385618216132416
-4621224061365791430
-4620276149886563580
4603975201561625245
-4632265491519112903
-4619780023821224480
4592590880342841499
-4637883068740126886
-4623240971813900813
-4619522333954242049
4602955449859888422
-4620272023117746243
-4641051874489643638
-4622320850903032695
4600338932944509025
-4617389221849664546
4605796369771011645
4599082771480354555
-4617322746996150797
-4639655150457417483
4606283302681671015
4605692550808448561
-4613208334874501622
4596156117482796960
4603508616446616743
4601718630239606300
-4615795996799079786
-4627776550723860616
-4619988284564724514
-4637020431057687131
-4624524001770141856
4604598322309265082
-4620832062208437341
-4619357151964579879
-4633266713303090089
-4617626723609242665
