4607553901931101790
4604291295684217009
-4625274403925401168
-4614718840248185151
4606646486577074607
4601147837737640608
4604256473161865220
-4620645401441080264
-4621621321761410323
-4624356899567902070
4605523465615194249
-4624779649999208718
-4619662284267674607
-4623419647547145963
-4627644528271688883
-4620134986563033509
-4621676420887731149
4601500638427365533
-4620625148603784367
-4637384252051902489
-4620516959860496647
4599636720526965094
-4617389221849664546
4604795755731437995
4602972742376987912
-4621718244358165289
-4633867696056055614
4603556054578953103
4604702476376365981
-4614839427428751127
4599779394275453807
4609030684711429429
4603861210036812866
-4616247520253250154
-4623390155909550793
-4629335066358702289
-4635136598200912590
-4623270858506274147
4594321812186624977
-4617464703392442464
-4619555782162391398
4594016952228105651
-4617626723609242665
