4591079283630215210
4604995373904820195
-4618275026465622891
-4617125336163500381
4604877270170117418
4596371712256227666
4599019038089941018
-4628765977677772051
-4621947340757744928
-4620041680121211415
4604300353786855980
-4629605100165142278
-4619118572347415057
4593367449064969078
-4623611122065438014
-4618868764264109860
-4620810416733782694
4604131498773593580
-4619513152130197177
-4635770631563760680
-4621252383347504131
4592283918154893483
-4617389221849664546
4607593496685050111
4605274875386167321
-4621406059522220024
4588272924342127044
4603997751890406286
4605158317030686084
-4615654774130082271
4602588945000610830
4605203496749494743
4603428207959836343
-4617725039626214725
-4626475941822939455
-4622486590314122635
-4630320612020488651
-4618163296106618387
4602871212049869456
-4622134441476755036
-4619718791660561315
-4634994522327324014
-4617626723609242665
