-4616932073081168051
4607199219281904445
-4617451762014720310
-4614445747215183504
4603678204060332678
4592823025337550931
4602880796861706529
-4618374874830929512
-4619176684638367978
-4620129066964120604
4603325706759137165
-4627492166984166168
-4615523006611424298
-4642263210268673083
4592109369409607903
-4627954545303689503
-4617724656095620004
4604298746421369465
-4619816661879819750
-4640642984830205011
-4620067255057472304
-4640574021301440828
-4617389221849664546
4603709088921704616
4589650621453780170
4575195886712475877
4582169116033194084
4602723084173982361
4604252771573341942
-4616937365785019874
4587895165233100722
4605572299945090584
4598071329499450171
-4617276871826109352
-4631048642930761006
4595750555246289159
-4619886264608786016
-4617277270107091394
4598999868466267034
-4626144275300420711
-4617575197078991204
-4622342832714283320
-4617626723609242665
