4595337864441143987
4604247015086763544
-4617915098456474056
-4615851975942911739
4605400790123337884
4593521214363208052
4595607428179889030
-4623542270813970723
-4622994054962627326
-4620902152614267320
4605187217062596753
-4634072047722194341
-4619035680388771648
4582630071270437686
-4624359906622293148
-4616092508809883100
-4620386497142816345
4603096784545439437
-4619155641023432552
-4628094476351805788
-4619320047590425278
4579698635235586272
-4617389221849664546
4606504203899251727
4603022188776800754
-4619572087132321441
4591580561170467247
4603979441410532493
4603505564106295388
-4615622389021522821
4601840160443754374
4603932937660379475
4603062887894699471
-4617254299738999701
-4624062653014743672
-4622984877923803561
-4629678946644110016
-4619063992620023917
4603935069163550856
-4620508260647900323
-4620242148763001487
4585894738139885454
-4617626723609242665
