4603129003871649372
4605479192508553576
-4620373662834118938
-4616008829042091338
4604656896566548699
4585294349998979781
4597215834206307562
-4625797795738070337
-4623302909693828747
-4622168607449023012
4604745221841185645
-4636762197353691170
-4618622791905613097
4593159108238117885
-4622759070190517936
-4616965804733576448
-4620180209645495951
4603558073882263452
-4618294055783526884
-4623102140199938267
-4619544043809524605
-4641560754099509625
-4617389221849664546
4606709313641281695
4603893246601302243
-4621853139062794024
4596072431503806970
4603579960601978655
4603729560325395527
-4616718058483941061
4603059908024088088
4603554214851077201
4602856600397379379
-4618928229153843820
-4624946643457562408
-4624874301884561502
-4628027392711472123
-4617533787415920639
4603532967656946392
-4623564816080533380
-4620396576128598053
-4635393994858376372
-4617626723609242665
