4610216729704722627
4604898538152825932
-4613653397000850469
-4615399743991421480
4605413225980728195
-4642245396523373901
4585740653953624643
-4636370072936961944
-4621335148178036385
-4623375339783542448
4602711519944592309
4589469621565345639
-4619457861880245916
-4622515472360386535
4602203337000826669
-4624216099671416882
-4622256667858531607
4608006285130939591
-4622683609416190479
4585209149979964400
-4625050014883828679
4589243341370385212
-4617389221849664546
4607838059827932228
-4637626365984974101
-4623724330339777650
-4627530996714970193
4597707056554847667
4607057132798848469
-4613712055028904210
-4623996730065219585
4598893527112435681
4604151333522215495
-4618182543323584948
-4637720258330031067
-4625304565115692854
-4633034928283142709
-4617790136959139342
4605196181578522572
-4617055828746872260
-4619412695370700415
-4622807481524571687
-4617626723609242665
