-4629261751122167204
4604693277323093945
-4619554973283212941
-4618359927331240892
4606054246911011489
4595176749848058814
4600603588469969566
-4627813330946681291
-4622960374546255003
-4619944680645579773
4603965290284707595
-4632829260289751473
-4618801343315777275
4597503402327958089
-4623411195918287724
-4619173649703044270
-4622470022948524547
4603694457506242143
-4619016009213984475
-4630286398323588883
-4622550675752547922
4596450298364797299
-4617389221849664546
4607305284792762930
4605480857080603314
-4624033056757448316
4592697615646042307
4604307374023785572
4605807463233209267
-4615994028468133949
4602733845160203359
4605982642023319738
4604258011067210918
-4616929963514750296
-4627816195831531208
-4623020987826988676
-4628741598352135515
-4618641947687097331
4601479054547066124
-4621748813745528100
-4620225308554812918
4593777892958731458
-4617626723609242665
