-4646034419342301501
4604208413381923266
-4617508398533806053
-4617087295217575492
4605836598811885102
4589693515192414074
4597841304872841149
-4623736118612875681
-4622748850685857056
-4620462186203709961
4604377431626736209
-4637201448740405263
-4619168512136307512
4588793072223161906
-4623298282897773200
-4616626224534933635
-4619993612600085261
4603080298702780429
-4619469085904776309
-4630520863609083447
-4619718789423325468
4587269101612458817
-4617389221849664546
4607408154388924113
4603916758421290080
-4620669703359912388
4588977983948865945
4604528032499411827
4603904305939196912
-4615989557541051764
4602790301670458937
4604596011985059194
4602661187531291272
-4616791817399506381
-4626167630463424792
-4623403260166632011
-4630720130331624461
-4619112604343664345
4603376599990311177
-4620515977893890553
-4620119546624618385
4589717314556723539
-4617626723609242665
