-4618106041925441802
4606417235067620336
-4615642289383039302
-4615456126148550431
4595272859581223625
4590814447744275305
-4627872981425909301
-4620452263997125768
-4618399371151868520
-4624334627275354343
4603943579563017447
-4624544724581327681
-4617324140780105153
-4618853449186669904
4595077089404405489
-4619845533639335248
-4622767522632962465
4606656485214660504
-4623108268228935530
-4632505880078831715
-4619749052107445076
-4625934766374272924
-4617389221849664546
4602459198719486473
4590386507787545116
-4632332428076083073
-4626681679089481383
4603558999683533078
4603934568623313748
-4613900697984177837
-4648625736578640807
4605586093751600041
4604406760909432982
-4620647254247649148
-4627903038718294830
4595000402690235855
-4624014802759474889
-4618434612665223231
4607127679920472878
-4617702348220891654
-4616797883592492446
-4626469623631944120
-4617626723609242665
