4608148842661973138
4606867704875665809
-4618265369719990265
-4615570682868349614
4607381700422557489
4595630740629020296
4598637840473489054
-4625347210540833729
-4620543568153531899
-4631068159613063964
4600051398493812573
-4623322438573336896
-4618100969888742262
-4624955232438824154
-4631831929174840463
-4619424230848796529
-4619322855900611421
4608233551003182029
-4619349074619241655
4605350124926807252
-4626639120127060281
-4633691412409128152
-4617389221849664546
4605178393408331723
4600784052633196749
-4624734657365612057
4590033092403959234
4606536001353508296
4607336764258046737
-4613240399384921814
4598218571883368554
4598470563147315329
4601319674132334021
-4617621284117796515
4592690230809589658
-4624557573822924462
-4625940104643990599
-4618783597156218002
4603061810858095810
-4618746462994293405
-4618942080594152138
-4636677661799952796
-4617626723609242665
