4603372823912867551
4606927606337086672
-4619373593234478185
-4616661925241956869
4602802514419252768
4598973421416146203
4598289352621558225
-4631110066355866040
-4619970505870673330
-4623016102576166027
4602739017420364825
-4621607597795937710
-4617685089443653952
-4637953577885207638
-4625012917702337387
-4621008017327339087
-4619126396757596588
4604503985321163108
-4619319510294673689
4599800547899984256
-4620820606356203502
4593733067687214273
-4617389221849664546
4608124805544140022
4602026371023869071
-4619663942968222091
4590269607000525554
4600925392792110041
4604942428535035904
-4615053412726658159
4601187149363710795
4604468493390347607
4600926755846312222
-4619723349470542208
-4637280298717645217
-4623202445808830513
-4624736700086570135
-4617859678273447014
4603236054784063610
-4619825036094367988
-4618369018311294430
-4629311990552144508
-4617626723609242665
