4604507583556421748
4607024942879266485
-4615276432523762855
-4618163000174109973
4604493430662189180
4584064443485768278
4600762476621446276
4587950527119500961
-4620514689037920193
-4622084767170975635
4607811928907858830
-4637066214320485738
-4619849860464713664
-4625400861896980453
4602655575866605358
-4624087023808254593
-4623711629130926824
4606338205044476402
-4629497849745294060
4584979336470314377
-4618764515103064956
-4633001260854430841
-4617389221849664546
4608570201539803390
4590591362558339029
-4629559726622883662
-4621700182901030870
4600497216139894991
4602950031618934230
-4614366246015911631
-4623544491199447122
4593927888220681915
4604878814158413645
-4618989288537964990
-4619123713395331875
-4622813768042644972
-4638137817353546709
-4614929760951846762
4601320166395590669
-4617396523511157467
-4618913201478540983
-4624831577519158137
-4617626723609242665
