4597973926822709223
4607806085514823580
-4618694913315666402
-4619995803090293587
4606071449284566371
4599592515676557774
4599458925599736577
-4625959734182211488
-4620823319295976247
-4624324651507957480
4605013191371678294
-4626139579841586410
-4617627483494973491
4600763157539695531
-4633640511396999422
-4620536192669929711
-4621251019383874937
4606277324511128707
-4618913599373764846
-4631199403619392496
-4622344019521251774
4599321709639632061
-4617389221849664546
4608079436522380948
4601998728878441093
-4621115167373005672
4593516894367785373
4603486070328639819
4605704135117558097
-4616282526645184020
4597357633110383278
4602707029976398363
4603648509284885275
-4615872981280685614
-4624410704396573933
-4623105303771834173
-4624621488189209363
-4620032330432500493
4602623717417301093
-4621706630565443925
-4619156780929674409
4589410790377420200
-4617626723609242665
