4597115444769674856
4602020343961390381
-4617475146501265030
-4615658956399312183
4605132034137157489
4599700459406576698
4601541305833857097
-4624971220409814174
-4620303398177615509
-4624945206030879952
4606674491068520274
-4624174877075404477
-4619125838034505037
-4640918997255104963
-4627994245692678615
-4618418336019740529
-4620491163906720967
4599944309696408702
-4621504366716301240
-4624693855695301864
-4620091269949137549
4597286050995312844
-4617389221849664546
4605343869714030863
4605079060744705389
-4620928456140913176
-4630078547292607747
4603978273621945753
4604276786465006341
-4616082490182382350
4599604535564960983
4606835212581277791
4603167554658604033
-4620496030610590587
-4621088105002893198
-4630438889780964666
-4630378737517233603
-4623646067456313479
4600541337183181497
-4623164791974434704
-4618701910618239621
4594009548645632710
-4617626723609242665
