4597010435413372294
4608179636590078733
-4618462019246064955
-4615580439512531773
4605274720066483312
4590995052256264702
4590820507719369040
-4624541527304418924
-4621000705263295250
-4620050510580858576
4603730407828064516
-4631074580933138655
-4619784867219367232
4591737020257267267
-4643998179759227829
-4623458067388385305
-4620180050033105510
4603214422241926041
-4620527551373165559
-4634953564261945213
-4621783426396304427
4600292846535349973
-4617389221849664546
4606183265534491655
4596996595166034381
-4617293042414576122
-4635092931237782210
4605829292740126558
4605423838555082778
-4613204493834551014
4595337845420231016
4604026661681537169
4602856440784989444
-4615744185571625241
-4628755725658113891
-4619572149840282888
-4637097925428009919
-4624761742670227563
4604775410253864774
-4621526171706359341
-4619245473913335076
-4630331194855371782
-4617626723609242665
