4577555073355040100
4604123043221464924
-4617406817691189472
-4616693970620648916
4605793262323041600
4591046151651489457
4597317580887741165
-4623532853979054090
-4622809473998818808
-4620537782297577687
4604515273253031654
-4637029098530552214
-4619135674576839020
4585891158668960242
-4623529152248939813
-4616317033672012383
-4619987240652720865
4603037153918109263
-4619520576938492490
-4629994307802685503
-4619447768424085354
4585131116201347708
-4617389221849664546
4607291403190179863
4603610520204260481
-4620396037165317016
4588154127409348858
4604508104785536551
4603633284939955902
-4615918631162348884
4602670914817110125
4604498575516821081
4602648443636562424
-4616800563629677712
-4625616263958243473
-4623258272293844037
-4630457429855882512
-4619155874796861062
4603507530986586024
-4620389547378460937
-4620149858281097889
4587778290287865264
-4617626723609242665
