4608160798719516669
-4608594354620075905
4602529687250596484
-4609244811495192055
-4616817012455288039
4606395144176653020
4600986807638973292
-4613949214340952807
-4628682828347754193
-4613226506170285214
-4632972948476535101
-4622993347629539591
-4622764038434267247
-4615022934167417567
-4623127164001787552
-4672953460616906554
-4619100682422327730
4601535755854617123
-4620441723751280461
4594373707709752055
-4618954506695608371
-4619566137763754639
-4617389221849664546
4607442241971849054
4583876295756054974
-4612714818392129660
-4636466173188001224
4606381131955473802
4603140023211477985
-4613157991691217688
4602875861118454029
-4627334148994127787
4600875327175771906
-4614724619178792056
4603085168565915676
-4623198558633479431
4595414741048109628
-4618502271332852344
4601095835378064492
-4636978462549782295
-4623736847709871206
-4640314978532697815
-4617626723609242665
