4597137497817239515
4602044727454583330
-4617451406394214200
-4615647626380583105
4605155178131070822
4599737048468916129
4601481806080875645
-4625039341688160322
-4620313938623953550
-4624909903038246135
4606641638305007669
-4624212815440196029
-4619117398430614792
-4640519677302943039
-4627962504575605062
-4618409335439497237
-4620480405285334776
4599946653363539930
-4621487523315376289
-4624644170328154068
-4620078666573678688
4597130727759798961
-4617389221849664546
4605357241002509624
4605048482742042661
-4620960269088165794
-4630145920896353634
4603969248701962824
4604264183089548500
-4616107126111939966
4599620406123496209
4606829823723770437
4603156796037218630
-4620516861853038703
-4621153810529917311
-4630468080656479954
-4630311220686100651
-4623595448839328817
4600600836936157075
-4623238875001199956
-4618712451064577640
4593959826736184060
-4617626723609242665
