4606953201117848858
4612318443834185331
-4640312844148952175
-4612510486198100495
4601378223079046365
-4620574129631613033
4602196091252612762
-4614430988060881692
-4630791044467267640
-4618736911805045909
4600639193201519020
-4616485078246091607
-4620205583259747024
4594158106961560751
-4629604580674236989
-4617699406873117050
-4619822698354458262
4596821004468062331
-4621433505564678747
-4615445259175352187
-4620106213649412027
-4632942857032946957
-4617389221849664546
4600172838907568676
4600692537755995697
-4623465446635495282
-4630361991899124503
4603967894144057828
4604291730165280429
-4623069953551063481
4598799368074179612
4606856354104472695
4602319359040041114
-4623860228991684843
4590339051978753998
4601015014959175287
4571595352194423286
-4615441427146828236
4599886551764426964
4599460835903452720
-4624518298887035268
-4617774974333008858
-4617626723609242665
