4602711633910009223
4605549140593330289
-4618842948192864882
-4616262178945587843
4604180201498307321
4599425396565840938
4598565385656133217
-4631358066675303458
-4621438227883584067
-4623967961117547622
4603415332190969941
-4622599209148410984
-4618072069588719145
-4640514348545522951
-4625088229005424681
-4621395195408886437
-4620012258521048733
4603719726836516779
-4619258419242104090
4595131730590320273
-4620868757101071932
4595733876420027202
-4617389221849664546
4608071513983585778
4603352987739999343
-4620037345944519756
4590758335421089727
4603009733813270476
4604966503907470429
-4614616090074328146
4601111838060622665
4604546120858196115
4602688649272932659
-4619754610880596615
-4630331639476106908
-4622451005977037644
-4625824503443890783
-4617804521809487678
4603098038266778621
-4620482421856927141
-4619464235223479197
-4628295609421668328
-4617626723609242665
