4589040876823695946
4604221708904528391
-4621654196423001799
-4611091323735576065
4594122004317853007
4602575166607853125
4600463660486867440
-4614844069407307013
-4618385916929189415
-4618329103306049265
4600329817075349265
-4621820614217308616
-4615753685571444881
-4619291653087369397
-4624946160743745476
-4618283699229426175
-4619135353887443327
4595599615585684267
-4618076412195518731
-4625975562567632612
-4624679759855380077
-4638615429144537382
-4617389221849664546
4610651424509427325
4603096648594415391
-4618533904602820436
4596943005855829798
4602913833828480153
4606872005284622454
-4614902262599654195
4601253906322304194
4598191841066999341
4600944670106005592
-4615454540882524477
4591576556483434666
-4621306225351146760
-4620347622528823934
-4630128697598330506
4601618982530171096
-4620970289941838816
-4616784429369810195
4583815026514295879
-4617626723609242665
