4590925963834571346
4605003600332410721
-4618291496378477657
-4617139940378552086
4604887189131919598
4596345317876214620
4599033196659744159
-4628753068456331520
-4621952493178812041
-4620036556356934967
4604296685880049112
-4629612101396524894
-4619115281296692033
4593473266968878153
-4623600259452347445
-4618862653228604928
-4620820582711715177
4604123070574026750
-4619505350403953091
-4635720833605252803
-4621261932523524036
4592341041628255086
-4617389221849664546
4607591854930252100
4605277437758997702
-4621429390036447684
4588397751962038047
4603998242636758384
4605163091618695768
-4615662141189382504
4602599807613703265
4605215577756773392
4603433290948804716
-4617713411230143840
-4626490613450170077
-4622500248768035428
-4630294283614716202
-4618170538229067920
4602864132764970364
-4622143065555278309
-4619721367871095018
-4635395715766904346
-4617626723609242665
