-4623563128396542712
4609371925980179063
-4618698532502304868
-4615066150845363100
4574005784508244389
-4626823438322953889
4599196329694585357
-4623798327689014977
-4619173154240961118
-4617735361057067538
4606934594673114387
4597654374501943383
-4618030293110369394
4598216123610863583
4578857344337479236
-4619229590997916931
-4619910526769112990
4604310796479006014
-4623374947321589675
-4634518539748944642
-4619279159600870246
4595587417010764085
-4617389221849664546
4609489336086758815
4603494412123706822
-4621402091332651011
-4626148320904183604
4601055949518718933
4603464676116739942
-4618894088108217770
4594342598053306068
4596527267289714126
4602495015869339441
-4615898254141632806
-4620630557737915361
-4619277984897924818
-4625657397530505437
-4617367626797991463
4602782566247549865
-4621171150767801793
-4617571666681583992
4593745323908652207
-4617626723609242665
