-4617352071322691257
4603530496712438740
-4614827249925393909
-4614189386782374811
4598700457557046682
4595901075977898884
-4624919379520620073
-4619416494245685931
-4618270191905171642
4586606259064615671
4605233286882149891
-4628063185329908609
-4617330413870905123
-4620026528905219531
4599286081172746603
-4619823034811465926
-4623251350440650462
4607529670183720566
-4625974110932084878
-4622458452555493649
-4619602073817782424
4589716187213072485
-4617389221849664546
4604049563579518174
4593942629974493016
-4627980232920983484
-4623462052307639974
4606097114757835810
4603787590333651944
-4614034779030785981
-4628631154477104785
4607264130623603097
4604648674813274768
-4619708134633138430
-4623970513375631863
-4646338028149830094
-4624027348941074505
-4620124590136870229
4607558929322015349
-4619214880086885690
-4616668704345794880
-4633281830265677110
-4617626723609242665
