4602597884710492434
4605551895343452962
-4620019726103533039
-4615889830984456207
4604496561646287124
4584362335513323356
4596047996202111544
-4625693584519483388
-4623223091429275477
-4622477735410429070
4605093260381006347
-4635117381550790818
-4618723966960035457
4591986109607872637
-4623080723164145031
-4616901740690817263
-4620115731201072436
4603782017149811395
-4618163844709817761
-4623445683204862500
-4619656216111049202
-4639893777112995607
-4617389221849664546
4606694390577088410
4603910089662051656
-4621465996816356778
4596593275798632723
4603271747095380532
4603841732626919918
-4616134344393941963
4602899081537276805
4603504296161304090
4602792121952956952
-4618289945645687596
-4624250566377922486
-4624340119776438296
-4628432092929159759
-4617756527434317227
4603824927157995823
-4622854381131573229
-4620356666996323856
-4636157905594481942
-4617626723609242665
