4605526391368477280
4607294344667829265
-4623483268825443761
-4617968330824040500
4606100778798374270
4587103261044891425
4600954336707149279
-4627984605228342509
-4621351500645491896
-4622050569954306392
4603564322635737861
-4624263825869933655
-4616889127634509323
4594856595131744964
4595668546358276439
-4626255320411243564
-4627594616012272854
4609282968800383767
-4617861776461236824
4602888741241219686
-4651422294215141676
4581687933999270147
-4617389221849664546
4608142915551244990
4599751371745468023
-4625813428969137123
4597801548792950875
4603003113135056302
4608261674279544027
-4616311506508637778
-4640959090284807365
4600669495348729272
4606220857923392271
-4616871908461417218
-4629420066427414500
-4618413036417653244
-4623144776468283263
-4621475754362016244
4601128306309886711
-4624209495153170818
-4619420871604430052
-4637326276086834389
-4617626723609242665
