4609872952616310899
4603278874404610792
4598050725876394521
-4614097836244148001
4596240029903012468
4583238194850414525
4603418376395536296
-4619047582124096048
-4625785810238876593
-4620886507718614964
4599666352466369539
-4629783491012479878
-4619632592154100409
-4622353197548317289
-4633614371077330526
-4625913452215200986
-4620336218927206840
4603434187876178757
-4620249369686177027
-4620726829562826869
-4622530669795806620
-4653195649200655953
-4617389221849664546
4608683323691186268
4599253448049961346
-4618268503167541833
-4640380060267674570
4608036331097902497
4605797460254837456
-4610588264734229894
4597370703270225176
-4622118817052493721
4603012609679089378
-4615622504597032175
4593951017418629337
-4614102679918837719
-4634661524383717889
-4620378223317938753
4597674199251940256
-4614328828640912383
-4622288338655436787
-4622128215258346825
-4617626723609242665
