4604939437347135805
4609946911777184862
-4620213908906971074
-4615014377446723253
4603623959762157727
-4631408018247203861
4604161581635534617
-4627838779380319047
-4627895763371729842
-4629751755704752167
4602312756297666464
-4645971595618452081
-4619055152915135837
4571712489374139629
-4623821876140125948
-4620382663060775984
-4622405107667040026
4606060436678553205
-4620040287790663882
-4630046924157669610
-4620042761955525203
-4638663518338405890
-4617389221849664546
4607911383683615636
4605038771810307677
-4623504133916393190
-4656072538149863353
4606311303888873828
4604228278471394999
-4613725807510914503
4602378190925924166
4599938738747144295
4604225553426470110
-4617930370887366323
-4644061446521730498
-4622851045328805654
-4629813256562256123
-4619569507600566994
4594701378291958420
-4623091990815395449
-4623343315221860996
4596421154655064942
-4617626723609242665
