4586453374277460935
4605105641048905527
-4618618416672228777
-4617421562281821909
4605113730453686015
4595963698494736349
4599327767727579438
-4628472788624151022
-4622095097125545693
-4619962897927492138
4604218793475617112
-4629880541370706444
-4619032025732257105
4594604795341706296
-4623425634276649278
-4618815406125695090
-4621088740520338697
4603962924019226673
-4619354365837288737
-4634322062887590649
-4621471952823313211
4593671780739075010
-4617389221849664546
4607552905569279838
4605325770008135046
-4621906511271486265
4589990762659605838
4604036341803908435
4605268101768590801
-4615778277914820421
4602726625981020607
4605433513577131336
4603567369853116235
-4617511897356664176
-4626802183067897033
-4622736748804049779
-4629664328018048535
-4618301453028634754
4602716847231053583
-4622248500554199998
-4619792669844462945
-4651679657182109270
-4617626723609242665
