4607773860330255714
4607298857577668468
-4619402973092492619
-4616102242692194459
4606044915876491457
4597273860478329975
4599184812053859602
-4630294177788256626
-4621092326465797867
-4630794426377984755
4603922909893467255
-4624691649566189617
-4616747952321373942
-4640173017561542180
4593844530389507316
-4622466560726010614
-4624401856073176901
4608370753459120354
-4619521719005470265
4601856788493724793
-4625212752031288644
4590779779671956812
-4617389221849664546
4607808664564104078
4601765979397005946
-4631536752583821700
4588135854337763742
4602936443269093419
4607134517692132029
-4615698396968595995
4583493623996973469
4600027362568851478
4605223927629537343
-4617065827307920105
-4627985717396499265
-4618386793900756401
-4622862425842007284
-4620456275158563944
4602788325067910607
-4619154675595168279
-4619291284514583277
-4629897338722013276
-4617626723609242665
