4599182784947462109
4601789091569810346
-4617951665338045229
-4615923701825931722
4604693985277649069
4598962957858852627
4602047423956521364
-4622402349747241589
-4620219240659899186
-4626338101694273917
4607144911263825451
-4623800717739124728
-4619350749624320246
4574415989502182958
-4626913882639303383
-4618571960810120486
-4620620664383513936
4600264221860358780
-4621736791324189189
-4625261873059749277
-4620063306123581523
4598865374429388354
-4617389221849664546
4605326953894320731
4605959841659951631
-4620237449099245494
-4629424632898981244
4604127724035097712
4604248822639452345
-4615556324958540738
4600144717091647234
4606735763972414453
4603297055135397748
-4620021450200284523
-4620420241147203757
-4628676719987835956
-4632178030235730341
-4624181033984236266
4600035219060517394
-4621045222972818417
-4618617753100521042
4595783030222310725
-4617626723609242665
