4604630504266485576
4605047317179513597
-4621041863137105977
-4616221305733092091
4605456052276168081
4587536616508855590
4599279099950405671
-4626051948097032986
-4623172012013498002
-4620331454256950025
4603314457091911156
-4642344302156737881
-4618672631927123395
4594816438775606213
-4622174099420961547
-4617189489444931453
-4619530640489212583
4603258383201821623
-4618754281459158560
-4622145250583281984
-4619776360108197647
4582663026536580320
-4617389221849664546
4606309204626667099
4603343356241202391
-4621679662703741685
4594231528801273435
4604314945110088099
4603961876624066343
-4618710662596619787
4603352393408865258
4603373818753825970
4601735243309548806
-4620185769832428020
-4631138640268579501
-4626248119027893285
-4628226752797518754
-4617427899199005659
4602741181119638762
-4625187245592390611
-4620331127288432685
-4637201527121659135
-4617626723609242665
