4562049029475357262
4604151995028942148
-4617430880853293644
-4616863403456720120
4605812112198487881
4590419728486217998
4597528579397833487
-4623606077270855564
-4622774197854493518
-4620503077231335889
4604451325277272286
-4637165421616039400
-4619150055114408330
4586959577595571276
-4623423072891834229
-4616431914984117607
-4619971337704189747
4603049642358894385
-4619509034556154692
-4630226821241924753
-4619546933683659465
4585887921818451137
-4617389221849664546
4607344619144662296
4603734174704008539
-4620514978112179328
4588338805526762858
4604520152138319006
4603732450199528227
-4615949746977071894
4602727906673429916
4604539990574541364
4602616637739499478
-4616788609884724446
-4625872055861277681
-4623322924797216062
-4630572474156455334
-4619140615735352425
4603454781359064984
-4620432630924591321
-4620132220208934315
4588741716860438543
-4617626723609242665
