4607040842564891156
4606844041264885788
-4616353151608209598
-4615906640634568072
4604570930433785571
4595094959379975309
4598890704290510476
-4632627902215919423
-4619978946372067732
-4619173075096026136
4604839599461679697
-4622119672210696575
-4617483771223501520
-4631331373079592005
4595725422863661185
-4620850727928981159
-4620582951559106522
4601259679826289718
-4620490905001147972
4600327635772741798
-4621868416340033375
4602662682661093514
-4617389221849664546
4608081899386072146
4597882692257481048
-4624078542097436995
-4635679273190113980
4602961039335585353
4605466333526950889
-4614194234430034524
-4640504078241665078
4600525499044363565
4603259342310989260
-4619820643155754747
-4624757888216572794
-4621842759235647858
-4624334063646267057
-4616070169983481939
4602935378949587244
-4618280075587841871
-4618377458812689600
-4626197748545369798
-4617626723609242665
