4600644716422922058
4604663559059931403
-4618596734025699549
-4616316964469568935
4605067563436518325
4599349470652955467
4597868113997639733
-4630517803614720554
-4622730296718762233
-4623666139151449226
4603585002164512666
-4623383333460206228
-4618114988821645045
-4638544636948797815
-4624528381433424233
-4621744987547311001
-4620642723902489318
4603243848863066359
-4619289372202584129
4582087677285980053
-4620591039156079645
4597640008853185569
-4617389221849664546
4607841483381558844
4604144093420089575
-4620023648576473716
4590510711737223953
4604317493244475945
4604776555671949131
-4614473810183869989
4601671685632625519
4604425810782624602
4603319114654371102
-4619811917881997725
-4629337348312322041
-4621433650564390418
-4625996180375605547
-4617720452704684618
4603369897709113789
-4620893156368221672
-4620110269641068774
-4626588591366541803
-4617626723609242665
