4605965429652791100
4607627737677874091
-4617228437491043113
-4617281795653935983
4600463941855847177
4596524392534815219
4598217447416517555
-4629454659073484941
-4618396787996264395
-4621077952366849580
4604275527573721668
-4622689277309134614
-4617768581575443584
-4627179686513323677
-4637553149950122709
-4619832188982658583
-4619159137888860175
4604960022378492105
-4621100821489756384
4598428333255276688
-4619746377610858821
4595085843923223793
-4617389221849664546
4607800793731605650
4598485801683589601
-4622845327257744784
-4631692728198814975
4602582896081281790
4603931894126727163
-4614839899086855176
4596238597180295394
4601534061703494992
4600992238108835649
-4619287226624752060
-4626575246675474154
-4621908327769134874
-4624903684350151221
-4615831134197250855
4603272007386583390
-4617828713688674054
-4616795300436885565
-4629484115143779922
-4617626723609242665
