-4617679976689332951
4608967448061827791
-4624773209959123474
-4614869320456616366
-4628242095911712569
-4622083699095276503
4603892894945484301
-4620251483222777234
-4620188909216480783
-4624699398993024504
4603525899663057693
-4632878884207011097
-4621839904643650692
-4635936727496999637
-4624515072931028496
-4621625602065660767
-4622676181668366011
4602772785388441750
-4617825808042026569
4596497399188859109
-4619579415638883373
4603805681189398530
-4617389221849664546
4607890785329814262
-4627800230252541878
-4621260190473619201
4597945422469802782
4595707995041854880
4603764932154750891
-4615396669786978324
4601684994135015310
4601545515426249308
4604361090427131395
-4614102747444267545
-4629573758318136784
-4622146964701516329
4593461327015853036
-4620102692881602520
4595776125052158916
-4624280344702595854
-4618587421657103329
-4628069939716503566
-4617626723609242665
