-4615427862855860712
4603444437663416372
-4612650015811635541
-4614409596047439651
4605164777593682125
4598478423143600983
4578386500517270413
-4619577668752318630
-4619695938812206021
-4638301873562931946
4607372824697831053
-4624568748968804516
-4617686789525351342
-4617391974461999659
4600063171217050800
-4617975340681375847
-4622212033102140716
4607204402222831919
-4624811621029107224
-4624841178484658299
-4619137158469828917
4590349572546740213
-4617389221849664546
4604151774536324103
4598235132890019355
-4623418377241494394
-4624235895399316658
4607575897037049261
4603322674985698001
-4614451554266837167
-4627076974388502207
4607311128576221113
4604129016144017635
-4627019917852423948
-4620001921815384614
4597090710087354003
-4624740100249965913
-4618729601801043124
4605431907405635842
-4619728755627833684
-4618094451252828219
-4621126160419717106
-4617626723609242665
