4605208324400503342
4614256586184264778
-4623538006984228666
-4618755078071569512
-4620212035610516189
-4620393209748372188
4597952906190622595
-4615617644032708729
-4638142823819641752
4596197171987966834
4591934889812281603
4592685731880370373
-4624203515111439698
-4628474599902794360
4587593960529014158
4601951650785565375
-4620884698432187612
-4632096613527219322
-4625054889198921127
4607578914485488442
-4618837995908244511
-4623805845192379857
-4617389221849664546
4607550689301924053
-4634674801591299051
-4616837658092619019
-4623992627229504408
4606056936374003545
4603023512424112851
-4614100287794868162
4592259971761649572
-4627749626725336118
4603465348809041449
-4614649322925784833
4600240233743140470
-4618197529856295844
4598234456973866216
-4620356860717068477
4603348699660867123
-4631490291835393896
-4626530968326900922
4598488906206158479
-4617626723609242665
