4605713277979466892
4601970072937600753
-4615664084063552689
-4616184418674230646
4607785527384680941
4602823237184182265
4598742364569126726
4588867368402593869
-4620184467342346989
-4620255828191881667
4604610208681538208
-4628620830749167588
-4617539900126572231
-4630430386938580455
-4627339959201295689
-4616903000444984978
-4619452846143597603
4600364429766202116
-4619219032129584158
-4620520646696893459
-4620434269255559172
-4626627678011207213
-4617389221849664546
4607333457676481728
4602290261769979874
-4623064495570541597
4591073432321245419
4604020362974272489
4604619785771428376
-4624477481252159063
4599931678810650153
4604595853607899049
4601579654618308903
-4627307669491461785
-4625236522244217400
-4640625092567008089
-4624446321452404270
-4620003427481516517
4603009548810281338
-4624784835692338503
-4618582979782969669
4577241915968887588
-4617626723609242665
