-4632833327422819434
4604911569114822918
-4619326615014644544
-4618103750913143817
4605782982636230526
4595432467505446261
4600217135431197721
-4627908254179487354
-4622673079447116050
-4619912734665216815
4604030329199132182
-4631763946649657905
-4618833882570084951
4596818050163874164
-4623339268954902075
-4619031872909560935
-4622050588426196889
4603718233565136296
-4619080872343087092
-4631494495850311136
-4622195249124265092
4595640880364112847
-4617389221849664546
4607390554474071929
4605443225113552240
-4623355147378126342
4592178710613198078
4604221328445127578
4605629749919065060
-4615941385708815971
4602769808641895396
4605854036134795939
4604048293806046984
-4617080965024403861
-4627556040173847237
-4623029188316376779
-4628871755369367812
-4618543632191400386
4601865507585839841
-4622004378639908060
-4620081661005244428
4591397633587538412
-4617626723609242665
