4603172422713611409
4606311151250741519
-4619043912696687990
-4616360731245535346
4603411891806194174
4599316558763887955
4598600174622016019
-4630986913078135428
-4620486656117101390
-4623747009312177016
4603085780008209807
-4622110649147714492
-4617983073507072111
-4641421290414328489
-4625073841187857075
-4621088093018056358
-4619548442635141622
4604205301014259870
-4619256839721059712
4598499801337688157
-4621066363317785502
4594255373139202578
-4617389221849664546
4608155287117699227
4602852516237828976
-4619825121354678913
4590770971589447222
4601765935388587552
4605065307015825544
-4614835217110552677
4601126225878195695
4604539602192058284
4601770847601400399
-4619720265005232943
-4632968056938192048
-4623044511309847501
-4625468519117317247
-4617882061086148926
4603080643783833948
-4620249894776860534
-4618885168557722753
-4628925546979185570
-4617626723609242665
