-4640363361898983608
4603730660285857970
-4617114205075535986
-4614557059863341834
4606383238022607378
4598414326659157416
4598736969905957716
-4622620778793773567
-4622236812074455404
-4621419736694421840
4603382803963865276
-4623008589794328048
-4618551490666819487
4594347566319218016
-4624993172404222254
-4617035560247619619
-4620191405020503936
4603877373241050117
-4619443937901270358
-4620927407063424591
-4620920102647869024
-4632861574764222763
-4617389221849664546
4606045456070605393
4603456363795291364
-4619721594981908882
4589274186147756708
4603655130921844880
4604992176680868600
-4616916199078763229
4601206894661826900
4603005900306975967
4602867795772386580
-4622695669979688685
-4630591865292945794
-4624925170885694285
-4627742187756303963
-4618884041933097470
4603012246141863559
-4621445893665139392
-4619863527318916568
4589583201406914208
-4617626723609242665
