-4623102406503887713
4609398817794691754
-4618823701480094823
-4615214712515688059
4584961499943545846
-4625204145146213665
4601242991102913703
-4621253652233059401
-4619204524272204846
-4618546312972737877
4605919796306852309
4599378504453434162
-4618756590898179161
4591099859441375684
-4632416826774309162
-4619464823551429608
-4620450707106583406
4604996634743429973
-4622015495784268536
4571919727069996122
-4619191873652210229
4596464291878197244
-4617389221849664546
4608962957633400480
4601596505081797409
-4621138174689085592
-4628867223978820631
4600598063113987587
4603377390168079507
-4617923317645712219
4597969475421732514
4598972720265246557
4603127097858465830
-4614764335013586859
-4622597494526231771
-4620116125642011861
-4628562588681742886
-4617952375487125294
4600839651914122379
-4622477280392009725
-4617603036712828541
4586798354067431465
-4617626723609242665
