4611907098678874115
4605030395561213203
-4621015515093552980
-4614697603014847556
4609545519192790568
4595692817941687108
4602887745434881588
-4619238541448633695
-4622360038204093390
-4633546750578628692
4604448748111585192
-4620459598167297356
-4617555552572671463
-4622781401530328811
-4623481157392838328
-4620475691258888090
-4620345458237653555
4601213901594830786
-4617090796510492916
-4631172745595831921
-4621093927958315083
4577623749200691826
-4617389221849664546
4607310132644198829
4602593103575181094
-4622773460708726436
4599530344070607847
4604509071746702162
4605079089336090468
-4614715049820387379
4602698864422929168
4609535749386663640
4603021848989538719
-4616455595324962196
-4625882364524025866
-4629468248715253946
-4624477626344603339
-4628461953939039755
4598985971319924561
-4616894823872752466
-4619925140383735199
4600520396913939249
-4617626723609242665
