-4630962679501807385
4604471629766007515
-4618749970632485845
-4618064100857220657
4606175494868403137
4590700209328381353
4599569816187297837
-4625004635729620568
-4623251388573524110
-4620365182167576054
4604180705680194590
-4637175692815544293
-4619145967625375188
4595437580823459848
-4623218283670992829
-4618258980780818470
-4621093508462260446
4603493396758740712
-4619027720283132051
-4630142785169981936
-4621346638263646529
4594297730150294973
-4617389221849664546
4607445054978071433
4604891718176405616
-4622757875585224997
4592603927092837801
4604584500284971475
4605205444488759553
-4616130228351008185
4602830301283850564
4605150686075298473
4603569753824079828
-4616817411465572018
-4626954534249588900
-4623247751163647945
-4630539774244168709
-4618872823222625107
4602512826829739747
-4621390351087363607
-4620370815568447942
4594181930782242129
-4617626723609242665
