-4621988817945334442
4606067908959471582
-4617103656144105389
-4612563322243770866
4605051487840567651
-4624375959628119874
4601941440464127949
-4616327868232384449
-4620251670526817962
-4625163571786487084
4603888344985952726
-4622652450046050872
-4618488480462957295
-4636475692472954087
-4629623732469528868
-4618720118103278460
-4621342811174910601
-4628740478537565431
-4620652348577759057
4563306610164200221
-4624215883314451167
-4625696017209754388
-4617389221849664546
4602485598805872817
4604730997904460026
-4618366125931497915
-4633650096264281793
4603831789045421213
4606640067014159277
-4617626064308103853
4598789792176537109
4602923942559819992
4603694405180401520
-4618309219667836380
-4628123977026553458
-4625315994591876912
-4627490146940856342
-4629083158659290989
4600141202552905793
-4618697139375543495
-4618650182967438900
-4625909101634673838
-4617626723609242665
