-4629906430860212426
4603955620106633983
-4617454637379825501
-4614512531480552990
4606824582425350813
4596846189869431103
4599584683674443013
-4622994481507097828
-4623032042672617032
-4620607784339042038
4603516136267439345
-4622583216656934600
-4618489471059068772
4593815234263773837
-4626559241953492999
-4617095432634194106
-4620415422869717749
4604057664271548925
-4619219179024876559
-4621396390706636790
-4621248602695166856
-4631206035578210535
-4617389221849664546
4605820647071229852
4602958362478462507
-4619114464948141278
4591072257158900471
4603280650625202443
4605156426704518525
-4616195003175498175
4600322037434548449
4602303009136955765
4603091813621599359
-4623137428850658983
-4629612811900610039
-4625662809864389583
-4627494109325296210
-4618838157417326096
4602497959342591931
-4621338921009949431
-4620261142617994175
4573470882172394818
-4617626723609242665
