4596745480096038348
4604471095638620521
-4619693645887536886
-4614439640307291970
4603524793502724175
4598473601701513051
4601017081457940756
-4621707552842716304
-4620440760027166325
-4624161708849294865
4607016221014058877
-4626758754720473564
-4618592598938960019
-4627238095438225083
-4627432637770027880
-4619655952149005744
-4620536870712322937
4601739009553437849
-4620714164009481641
-4627484039295105313
-4619247056947186277
4595638468562186806
-4617389221849664546
4606084122140751519
4604549044431883093
-4621507008671988459
-4633239358119910453
4604691083415887711
4603432573463056695
-4614842228910375263
4599885339526286438
4608081882073639319
4603213261464205215
-4617979309745239193
-4620548931396972507
-4632233088015995566
-4627906620844858569
-4622430931170368792
4601065561559096622
-4619600183924241471
-4618839272467790133
4587614789152814777
-4617626723609242665
