4602178796518018239
4605242777028606416
-4618782549771443290
-4616275468858267955
4604502040593027545
4599428807920859920
4598426344730635510
-4631364184066773080
-4621920566629231460
-4623933600109150079
4603492542352960842
-4622785940138883321
-4618070722073283151
-4639354115299627531
-4624985038322823866
-4621542521212977480
-4620211972844221472
4603510014498470442
-4619260564828531036
4593265651629257624
-4620729730288663191
4596486609057703008
-4617389221849664546
4608008670215636729
4603582486943411849
-4620080213364529178
4590741170729654462
4603423673355024048
4604896990501264613
-4614546545497608591
4601215028743225176
4604527392398524680
4602888363596105394
-4619775448759007191
-4629713958180187857
-4622135643691329401
-4625819113382146622
-4617767695385245589
4603167558729525666
-4620552508288172078
-4619705404596303398
-4627864692130044252
-4617626723609242665
