4603187461408698763
4605455616390950562
-4619057809015273118
-4615218956587011562
4606641704806671252
-4649549557304263858
4599834824697102309
-4627440639895173023
-4622541897896364383
-4620375201650792750
4601884274356341872
-4632281715527092991
-4617818514205726151
4595260798272007504
-4624998239715047369
-4617892851396714943
-4618593514469830915
4603796576728816075
-4619705950241805134
-4620768197483818437
-4620200318248099436
4588105863467655199
-4617389221849664546
4605888239097382785
4602070534747339975
-4622913724979732795
4585188154556371484
4603650127348160093
4604385834763968194
-4618208894248681928
4601201827351002084
4603236489911587662
4599860991270778121
-4620230060217822213
4576708075351555453
-4623679975263611654
-4625003549610711265
-4617901851407865082
4602247818319934885
-4624387523623760431
-4620016070229870205
-4655943125936637684
-4617626723609242665
