4604449962128307280
4605082818117506484
-4620981399896780848
-4616231137620109987
4605353062138720565
4587184403249624796
4599142583105897322
-4625962527680977089
-4623170089993665138
-4620489189371659010
4603510499348111198
-4641904526518188054
-4618641042836266551
4594657826913454683
-4622199149665340350
-4617139447448742151
-4619686185440847490
4603241613346945426
-4618707003899844284
-4622269484262560853
-4619702715309338177
4580585470630662924
-4617389221849664546
4606401462832958715
4603427809418601809
-4621723976762346069
4594420639038528143
4604238431215368877
4603888231825208145
-4618482672990800917
4603339868286678249
4603404487535412688
4602046333212815478
-4620108002852178847
-4629635359577922679
-4626153913326870703
-4628100396434093406
-4617393220245203369
4602809439541892064
-4625044398970278760
-4620330166278518340
-4637128735543409631
-4617626723609242665
