4597083832210490752
4608510940832437065
-4617417876851932963
-4616789370457005213
4605620181186294960
4590861999906973576
4601876138942412663
-4628648007036826448
-4620520690134833226
4583927758416075650
4604786317312997052
-4631857303047181960
-4619539867016236099
4595435237956475399
-4627133101071758321
-4621322950275017707
-4618393649999003272
4607447243506466950
-4622649629354943522
-4623738958391087386
-4618283616207153144
4600615390493406611
-4617389221849664546
4606636219781711354
4601107197587407687
-4620502868734413749
-4627598956837461873
4603910473114502259
4602259446273396858
-4614908221163572107
4600035107875417874
4601272858137132179
4599461262329128538
-4616682249107191492
-4624864452513936694
-4620930570130202321
-4633690969371064555
-4618363207211716671
4600206504074621015
-4619145244317225191
-4618919202575455458
4595303735748782149
-4617626723609242665
