4609397054288025161
4602935281106128625
-4620222581028988050
-4615755339616478700
4607483918549482457
4601269942917805009
4605143895308065786
-4621064712590613322
-4621675447343965137
-4628342327793051666
4606053466051691508
-4621619977259659933
-4623490341580720201
-4627886814267501959
-4623412875714018652
-4619487609921538482
-4620983004821610699
4603070855309747220
-4620271713108353832
-4627964751975000280
-4621596579607017374
4594620264696545038
-4617389221849664546
4605522365785985107
4605278581460569678
-4619906167959594868
-4639665070757998297
4602888049026718627
4605330415160442721
-4615563443880807873
4602733005262336966
4608363974316452494
4603514502003753254
-4617691898914396891
-4622330155036550563
-4623847013000744969
4596867347341010610
-4623184426080730020
4586577234280969609
-4616566079203548433
-4619582844953668645
4598832446841716806
-4617626723609242665
