-4621873099130816949
4602380584679669494
4606208173950913257
4602210168254117570
-4629603698686357558
-4619988833357302612
4592499872976544674
-4618931990357302100
4602599657297725025
4605552971200150558
-4620779064808076413
4596237182897299474
-4619609506484742402
-4618933704425270406
4577126646651173445
4600399503025652675
-4621391165974692591
4606759214666700030
4604583291294955533
-4618412000418898499
4602278396612424762
-4620762198143617373
-4616733892920458255
-4619181364208904153
-4617531625743186961
4606832148844984932
4607092058786893745
-4621345958721810857
4600502631141503152
4605495738290951243
-4616316473464104401
-4619022221166815240
4607224616843300507
4603929979042436495
4603733241702538741
4605628860265027709
-4637520418331952846
4597777006271069626
4597112187570556027
-4622403231598635529
-4623160052678981095
4600346176747969454
-4629116421001425775
