4596561359749677380
4600587551078040381
-4620340311297696274
-4623157168043355086
4601724876891991597
4597654664232468482
4587285810598630183
-4671865933125216471
-4626967824872666010
-4620378015324207416
-4641801610394179299
-4624483183011092828
-4633680926888493394
-4628784564851766984
-4625185040538955434
-4630202171068554696
-4625428495987179550
4602885897984610104
-4621835153850059678
-4627118524259176619
-4627061801930547648
4589166729239194083
-4621856773001940799
4605725292666964106
4605377790772721636
-4626850250571889238
4601440840427308132
4601569431017516130
4604991122780608533
-4627795004491800562
4601590001123657371
4600834989690893358
4604443412841543961
-4622002073263832015
-4627473890992512966
-4632709634006446417
-4635988783612597196
-4624337553843154769
4600615449046966883
-4626995489654099184
-4619451248947722044
4587388071711562293
-4618705156278267080
-4624919767520115196
-4628572085061464053
4587127773145755747
-4643189083263257977
-4629212055909668936
-4616833587132160581
4601576808517216164
4596895013684772516
4604281600754525858
-4629290005300358311
4601635037222878792
-4627995254066387130
-4629689810216783401
-4629230084134816438
-4624226590765672867
4596015588043200021
4600682901579143802
4605897209125052743
-4620608177675707375
-4626274447201289461
4604771310065184761
4607036693714988337
4602854492706691585
4585430662587965693
4602907982977270219
4587285810598630183
-4630777190994562165
-4628525442958927331
4602924454120442073
4596808403805405837
4603244582602224285
4607245747963340883
-4626599266352758151
4601361460144041945
-4630609036730097082
4566899979170829680
4596077103728135326
4604826811519474210
-4620493284238353580
-4632350441602360513
-4621583842222038263
-4627618638444003219
-4620594886103778071
4596297448721526457
-4632596180436534174
-4643613798002409632
4601288366381580651
-4618890650797367885
