4601325960883728364
4596292024046722572
-4616488717718239752
-4631634752996981367
4601508262031085592
4580865264434830622
4597639609396721016
-4619820686336210534
4596467856062742130
-4637347185440310129
4567848886855053184
-4651989366051665200
-4616530649907142887
4599393074988839770
-4621173392299301443
-4631138125527596401
-4640894779726721790
4600459801084505865
-4622999382583997522
-4622199388723413686
4596858535157676518
4599075353333735801
-4622695155561043645
4584824085074435804
4600497113798540737
4596929248674058342
-4625445626564973892
4598104746682093635
4594212685028712187
4603969373930063605
4598051749409429804
4601396671593842820
4600372086721180758
-4629029039062342099
4598376763568719952
-4620373959132752074
-4621421938053563259
-4632969391190441483
4586770319536571390
4597728387443191213
-4626500262777817569
4597779311896593267
-4636117728921075920
4597123926376556248
-4621278412727999105
4594772832767051514
-4639684091918063214
4599181051736596618
-4622005474088283463
-4621938723191263612
4585564776619344679
4600235432998713192
-4622769140135856377
4602343801161014953
4599603350622278543
4608688102567611826
-4622845810353690511
-4614610493934813371
4597558838583998514
4609083701775619264
4601561843162769031
-4629150174698168336
-4622889891054184321
-4635517498389431913
4590710123403028455
4589514412031778007
4595053919326673916
-4625354828342324120
4597639609396721016
-4622943954915797228
4599485357296639459
4573192538206110361
4600492472499865340
-4633670177115960277
-4628662946669828654
-4632864730665791371
4600832056686142056
-4616528121632806012
4581372983428990449
4593226599463774782
4600291937444326819
4604754869794887264
4592085544719103590
-4621741052308899437
4598940172161252284
-4627038462100981144
4598714464831887488
-4622978209365366039
-4619917761652559593
4597693843440009178
-4618890650797367885
