4596822010233721445
4605515738198865987
-4619659181679533404
-4631947989301246534
4608400909871484930
4601026085683113057
4594987584493067976
-4624309021685746108
-4619580793019600102
-4619285537301207469
4613279982058568560
-4627274784035124525
-4623449388457238128
4576132054045254140
-4620366171762136228
-4623483096283324704
-4619485490486910343
4604130447616841974
-4625227369779064333
-4624265068270617852
-4619599474538310268
4594732096826345324
-4624326679497481689
4608333558813160397
4607543039592886283
-4619944188311725469
4602374004223168288
4605110659147767535
4609004171626684271
4611633557553773453
4605145042623345899
4612512498848590573
4602772259202251567
-4619701557690545064
-4619699998682428643
-4624170761740271039
-4621587007527550919
-4619832402425466824
4606701175198938859
-4619930420422603012
-4619700143073877809
4594967343650150745
-4623236781890023187
-4630923252879603480
-4624154275065896891
4603037826662616581
4597298091420827381
4581303240992930639
-4616774509569870698
4602900330562540508
4599478490801979865
4602954776687639697
-4619723424882783828
4608454364312201403
-4647054003100647149
4608943108159549767
-4619750862866424582
-4624119542061087259
4599178486588698323
4609536367515419907
4609385317956265264
-4615791145705099479
-4624393745746225356
4592985384156021933
4610017180782692118
4607532302475297039
4595453061787438101
4593820698647698431
4594987584493067976
-4618804245404045002
4568106994618768629
4600532558381612522
4597696364773947538
4600664766143854091
4609193628764104409
-4616858393277961018
4612175154247761773
-4623824132894676803
4596785438808716876
4600233614448075150
4609435267419187693
-4621825386915168633
4594123094167680311
-4623813375350716628
-4619842172034145831
-4619654769797188444
4598752536898517840
-4620978356073762455
-4624290917540739074
4605308718529148195
-4618890650797367885
