4598929999724573539
4604627616028048378
-4618566060154517857
-4618148334884784459
4604869751412308021
4599731831752131325
4595791331165657424
-4625012943021616568
-4622713226867365528
-4621577851892591501
4610520166345799292
-4624601606147631802
-4616262405242861386
-4634162125115844718
-4622852486240154638
-4618442282335899492
-4622453964398096627
4604378883252919939
-4615275576789803597
-4623809186149553279
-4622728664579727792
4596118896433467807
-4615886266089073579
4607955994261368587
4603549655734683703
-4621996150906538599
4602793132147293965
4605327850292117247
4607060042231446096
-4611493924622419254
4605259781225078959
4610050973016705449
4604573079965045766
-4620173282205888467
-4622762899492008336
-4624351493894197932
-4623845108664396431
-4620680768027407728
4605101149804947780
-4622097539880255008
-4620243070684980467
4595806482185377713
-4616493976625228476
-4626542711843850806
-4623942755262099163
-4630992922041265522
4594969456779745348
-4636066508392624198
-4622253260832995747
4605599998549915035
4593687267514193451
4604383269472184766
-4621660698602752427
4605131762155369090
-4632433274039841624
-4613023096227881176
-4621640725943298809
-4615131429163235918
4598704576270733982
4608958939717489230
4606336225449957116
-4621670851005308195
-4623773220060801481
4603582483910143379
4609874297416319792
4605131260127699576
4595564866396454176
4599888595612217506
4595791331165657424
-4621922718295991489
-4633588591675851870
4600830925886054696
4598880580303877163
4603189659631306054
4606705446816978333
-4629300914000612212
4610245654980424880
-4623294186595307046
4595170540831862683
4598987470292156517
4605568290646824497
-4621774653179895370
4586789538965784161
-4615715625755286396
-4622568821135254584
-4619897832661078668
4598722879449913251
-4623237323499316125
-4624883896106036776
4604894940157122202
-4618890650797367885
