4602103206147066055
4608265302097689100
-4618835654386703736
-4618000418386462666
4608874851109632369
4603983657417834598
4599164944053655434
-4621733375916430371
-4618837977187628163
-4616167129229015642
4603085692262990534
-4627580517780366244
-4619826602447777910
4591371720078948010
-4617863687437465739
-4615654092014774663
-4618730708746425146
4607323927584423650
-4618459761277872606
-4623597689503543600
-4618844300659753329
4599543031967230953
-4619667329608826866
4609878844118132869
4608202312105142022
-4619784243737674593
4604946726981537220
4608061798742375535
4609257742455653821
4600704861600449363
4608111648698794633
4612813946904143184
4605656548515694633
-4615950632945521477
-4618901758002543302
-4622441385334676623
-4621697029885400557
-4615698479922343291
4608703988088052071
-4619652872899779809
-4616423000851506754
4599185687398180845
-4617665208445611929
-4631984907901502512
-4623128694515003220
4606312608192891360
4597924989575238979
4592426277795174490
-4616178391633764648
4607294215598975288
4605130725152723147
4605964885925954150
-4616070893583170876
4608783844492413637
4589441791736607345
-4629766780507516538
-4616070799788872238
-4618279289647551944
4603265530531672620
4610738862968091525
4609478799360811726
-4615302304345301380
-4623928597869335808
4602950069826922358
4611714010457350281
4609152594426954462
4598809228832769341
4605189473582721063
4599164944053655434
-4616107734286983062
4590739640597484524
4605268605180294300
4602685265972792603
4605798439606486759
4609079756068608835
-4614417817355713464
4609068783523123938
-4616475465211629207
4598215576617905757
4603657412450420413
4609422722572508288
-4616039641014108711
4595991488103145430
-4620272962241023283
-4619148676185327298
-4616082148101689897
4603093564742648285
-4621740226392464986
-4621858766051951246
4608197909624721695
-4618890650797367885
