4589432917494795853
4600149831975413884
-4618057182355617290
-4617905868033181062
4604471862004378683
-4629433523608844754
4586188599235850143
-4622028550090326518
-4626194959768313579
-4626242524938578097
4609005935439338484
-4628265560999507684
-4623298159368431781
4590303551802976083
-4623487653986059390
-4621251724994288530
-4625096499488780328
4601139282435664159
-4620883265751719622
-4623023847629127579
-4626244448313709144
4588195618508976676
-4620201453895724342
4606605654428665416
4605716975684273138
-4625773466033958394
-4629210880936388397
4600896130663280025
4604610443819217024
-4610949145956432022
4600811709806079464
4606198039595392638
4601630451832588964
-4623048213226353232
-4626443141905688752
-4622324957011858806
-4622911052654768647
-4624367208729022634
4600059205910365230
-4625924640863456779
-4621447430511918192
4586300814892347046
-4617281335936354185
-4639595646151692922
-4622683723505194265
4586836558775752860
4572969578963591500
4590241634851932318
-4622619460018055960
4601134902318176859
4578314142916618514
4601464277755467974
-4625117961768057717
4604943007502995817
4590087192031144987
-4611627850919975279
-4625132453841983442
-4633471162410606002
-4637188239684038537
4608037802023010012
4604498887581545282
-4624852507625020442
-4623313951025003362
4600182734908148586
4608101924009102209
4600495177080297829
4583924647177029064
4599262571547129861
4586188599235850143
-4624949184271522203
4590276498174372890
4591152280179184490
4585454594117185101
-4642367536272119874
4605925357917333279
-4628521979879379933
4606863958669854010
-4621948392937251607
4576965033673017381
-4631697491877382227
4605302479653154806
4595304055973229481
4583142661572107174
-4619622342089619275
-4626439603231252498
-4622327953700917031
-4642843883787409942
-4623311507420365506
-4622085741546961732
4600604339543250786
-4618890650797367885
