4599555730708081547
4606396652770312679
-4616040753249762571
-4612094358365311917
4607543767467902136
4600864441386983061
4598303015322398511
-4625354360425219719
-4620738163566835814
-4616113119483271501
4609030802142909018
-4632032823026320589
-4614298541004092201
4585950479553090685
-4619935977072524583
-4615530124735364552
-4620371200500194920
4605502511268399910
-4616161235144170952
-4628334882771517585
-4620762390302643747
4598447908259991551
-4615723812009845514
4608014766115076372
4608012108016120476
-4621360975990496728
4602173380477250212
4606024692843201945
4607328434349092469
-4611246942135492183
4606090484810875482
4610854585617723437
4605517651840972182
-4617872292580484778
-4620863857007859782
-4626868505532285350
-4622440405452247541
-4617585778487743850
4606879873602125119
-4621297519948914723
-4617038012556365308
4598310085286543685
-4615915361136689527
-4637313091649378426
-4627851674148197401
4606992192415500394
4598080248838956945
4587292027827521561
-4615907873431397470
4605381363405525815
4605472176964312940
4605444504731523284
-4619647680610497495
4607554599969433371
4583158855690546796
-4610539168752843960
-4619658949620231643
-4616329204081035310
4600166960073390464
4604063340481643046
4608040183313404142
-4615901058393299945
-4628626457742703865
4606703430915169938
4605167226464305474
4607428218129176427
4598202931191151184
4605965188233054390
4598303015322398511
-4619313099158265848
4585232044079866797
4603030065743879793
4599778281220986186
4602685431327279334
4607677522463284282
-4616210813915512279
4607982989015638047
-4619990291081662730
4598096522345874821
4600480583511510638
4607809866975647581
-4614968578770520095
4594739020011391605
-4615623551628579913
-4621029376692986786
-4618029846557195747
4600053404050482980
-4622188863773838610
-4625669014954731171
4606292755832517039
-4618890650797367885
