4599699833016671047
4606056438791958853
-4619398603165697010
-4616637286563911754
4605398031637910121
4603238440704113248
4591354000760669896
-4623399747547351838
-4620478129530773964
-4621457195361055019
-4629635382904866388
-4627714972425948292
-4617913159089732122
-4629560052991707804
-4620193106885086076
-4616138152287860637
-4620230281505467748
4604436311194402598
-4617428234193125404
-4625068951738324856
-4620504766887864489
4593545920009627091
-4616561025571294207
4610866910061516127
4607918629188837898
-4621208903914036677
4602735039801148176
4604659767280409807
4604573805274353808
-4611264764114510883
4604811273148296319
4607625853528878123
4604743238830973308
-4618959906792339939
-4620653143971724446
-4624086276807335642
-4621493799352428745
-4618396470943400732
4606304347021733365
-4621227199740326295
-4620596630585715593
4591475758325449840
-4616826982226546103
-4628186823981967618
-4624704346560950422
4601852199011775745
4563785257883095562
-4629809922237689232
-4619716370210751121
4600948764459878013
4598470021701035025
4604810066169330980
-4621100321572017564
4604819868372032991
-4629269628750842693
-4615404784363953350
-4621057514386188097
-4616150807366717632
4602813158756300535
4608565157354182457
4606467027055348377
-4620712352866419758
-4625393755987783587
4604033908237828991
4607195651450218993
4606675642518022767
4589270367657797451
4605405382730618423
4591354000760669896
-4621558830371733018
-4629456977502184317
4602704280915074241
4600910648309196824
4602516376028083058
4608244134953224473
-4618549477622316711
4604148795711224230
-4619883171754779029
4580286037874047063
4603176812620155415
4607267188687162433
-4622281386592387052
-4634172996039042621
-4617210616665621942
-4621063689592028688
-4619370671375611456
4602443808740884668
-4621313740942403362
-4623525091493243338
4605414758314800062
-4618890650797367885
