4599242708439118207
4606133708284577530
-4615757476311389125
-4612690897968729797
4607453812748301915
4601055455077330746
4597835032552729942
-4625643326836856552
-4620809371626310465
-4616480241346201975
4608677411575750732
-4631302943276001423
-4614554460629385036
4585182359787302902
-4620308140682209945
-4615610867593340699
-4620543589134875137
4605540510319042291
-4616126731915651236
-4628234764957916931
-4620822343635120141
4598112291367142807
-4615584282976453414
4608106322706267694
4608100063307439932
-4621345859113352180
4602573298933604365
4605900262276237123
4606766335110401232
-4611219067873665061
4605959455028045115
4610110510320807578
4605555218308163465
-4618195555336608707
-4620878907327698690
-4627026679982093690
-4622658199517892739
-4618024523582881680
4606446619452564634
-4621277069600369548
-4617436549998710241
4597849219137697194
-4615976963620996493
-4636018183339295131
-4627849455670682716
4606630268916878193
4597185092995407263
4586485575603307437
-4615938322277029533
4605106785269911415
4605301451728263277
4605513756068836105
-4620026299923934363
4607469297163120627
4581621842073584271
-4610726044135606577
-4620039676382363388
-4616375799667983903
4600116492433470614
4603979241566384972
4607902449033947252
-4616168737601631237
-4628467291553900714
4606221773493235166
4604701340434360750
4607112786906243926
4597614447685468066
4605678588727752561
4597835032552729942
-4619625758419591956
4584280446239214067
4603360178606845294
4599538511105218955
4603017205055964169
4607517812301679937
-4616953037877237807
4608396137917114905
-4620566086557347571
4597304353847086584
4600560863182700983
4607625679022704561
-4615448463087100517
4594133052855295965
-4615476727241220442
-4621009897047423725
-4618281055327670216
4599945072377156174
-4622408463888071259
-4625940462045462365
4606096965514990151
-4618890650797367885
