-4631438166021565001
4596431069232158878
-4619487693600418114
-4613286407884720189
4602316612761496495
-4627926785070047947
-4633816670084724656
-4631538712887396730
-4627293477809698272
-4625040976530660238
4590469170699567599
-4628698644240820643
-4614082851539171098
-4628883626409979282
-4628664767139385700
-4619497585374398547
-4626452146400601102
4598087101821289761
-4619318449379213925
-4628813403066388675
-4627342057169845613
-4633825656037165029
-4619533892143030083
4599892170029423050
4602671321186325605
-4627437905346612483
-4627393996060575473
4597302565877735741
4602096204129666781
-4613165740498578320
4597162702420643974
-4619676635716158456
4597752951952076435
-4624091349321874048
-4627544337988693461
-4629991793781957775
-4627222922077483699
-4624171285653533576
4597952353187540914
-4627502871512143430
-4624632935909666934
-4633816236015236405
-4620736299363627790
-4628818170502714306
-4629131010691531850
-4627118494921615286
-4634629690735132636
-4628945596858908095
-4622225522710125680
4582117384191824350
-4633067788480044202
4597784442854604753
-4635477122237484482
4602421173992285487
-4628814382456059144
-4609792623704186138
-4635849334719291185
-4617451959831819102
-4628881515649393246
4602354485277948499
4602979200371003508
-4625017685261472210
-4628670536469410450
4591659956666118266
4592006358249234495
4599164178996053846
-4633874130830108382
-4640605026894453150
-4633816670084724656
-4628900118740280502
-4628855547240059625
-4626897135278981098
-4630295505397915587
-4626683105738152176
4602144286569804211
4581801549187765087
4600149316236126419
4597702512725024526
-4634369038750011112
-4628283809166938003
4602961861179092424
-4623995873873870056
-4630730068553722682
-4619382555565104649
-4627662940072288452
-4624138278856299189
-4629194000864515966
-4626857961465425972
-4631318151525183691
4596707262705965129
-4618890650797367885
