-4619260889725972070
4597524544980906527
4605503930412522591
4594043077882864174
-4621388658516764166
-4616109551075443911
-4629010410044162114
-4614732514528802506
4600364649479943271
4603203547065112416
-4619013181982558164
4581043213808313216
-4616010302583399625
-4617150914680950469
-4624735674338010092
4599834673910594690
-4616930008680015182
4605672664113054183
4604263046365467488
-4617968797258624674
4601196310094400394
-4619877390417511649
-4613111897105192131
-4615393660200480437
-4617318908299523882
4606574291247730708
4605554490727254260
-4619403302038239127
4599775904750554197
4602803994510304357
-4614255361151768908
-4618239478425305638
4603727412194543736
4602030548931245241
4603253894105984614
4604741074155501771
-4621262210158130500
4598645309636265586
4596955637689853910
-4619521210440231326
-4619921857431692683
4600651346419263106
-4622892802035661455
4591447786283492962
-4626369046319355271
-4619000966473603680
4589799674871475678
4605616687643400298
-4617317778635926382
-4622299883847321710
4585080409356459893
-4618834964484726479
-4619126668147000483
-4619733972081275205
4593804248648273954
-4614065670721770342
-4622922867816311305
-4615614433987691933
-4631416556944417398
-4625892314089847779
4601267283374823198
-4615537072196199962
-4614600572169349920
-4624196158782000482
4599658762233386533
4605758905797352310
4572996569687657054
-4619452472976782837
4599790830581333537
4596415081556413526
-4629305206109606484
4599626047027979798
-4614281945391603231
4601285825287090724
4599586177357315394
-4618737939906665621
4600928691926863822
4602497575667793367
4594219573819037515
-4619273420550243348
-4615422824164724621
-4620472128966007124
4596375547205106687
-4619029446211935515
-4623428746825399257
4605604373079753032
4605767245961408054
4596528819448337374
4597883132234797728
-4631581196596333656
4594122834986039430
-4636739041991037372
-4614440911605588754
-4626450948579245644
-4619156624632882070
4590887514213206312
-4614224255877630928
4598432987736438739
4594647480673084327
-4620030935642238680
4600013246762196660
