4600957054729330678
4607427945512483389
-4615459418219754754
-4617428620179000844
4606151083607322556
4603786260573487673
4597525521508056369
-4624838811622131402
-4619565043708644103
-4621022527788869127
4604028012123315076
-4633074129791373721
-4613816721592039586
4569488948536899927
-4618617602446213493
-4616858713639044312
-4619109134815024922
4606763319015399821
-4615505679789869324
-4629266911548444547
-4619585766286019603
4598310625258195291
-4615290843850010194
4608635147349025767
4608493381585298250
-4620098013792279683
4604776982900641809
4607540676809947905
4604951338906765698
-4613015836367284755
4607542996166254236
4609859216925185199
4604895151270328004
-4618340469657809187
-4619681654295949530
-4626846396645605522
-4621080550062438190
-4617702040186472410
4606973106575459387
-4620049423428994037
-4619945297112231034
4597576170250368745
-4617593193647716663
-4635334928700112030
-4628466662827438962
4606596907602735915
4594950117385572163
4576027341146930048
-4619452155198171085
4605288257706200698
4605246865189534998
4605155008356246523
-4618988394454031624
4606173870389773957
-4650592328991253077
-4614757795344575011
-4618998667119784936
-4614182641103582760
4602811822953155463
4605621078307805638
4607380407198780881
-4619004603170818826
-4629725684131666189
4603992748707529169
4608996205166779342
4606273467804257815
4596665687286406219
4604582578169574129
4597525521508056369
-4618917601420972458
4553682073929950038
4603299103810831002
4601567570645884097
4603982716604991208
4607486140869342508
-4618705270162814549
4598947514638778758
-4619125705676710187
4595316973660818691
4603336455588414580
4607200926952388152
-4618914765545474960
4589606172542310998
-4615260155300332682
-4619837693240910425
-4618766835608950522
4602513853966955604
-4620768443448883235
-4625083086334546521
4607491372694070476
-4618890650797367885
