4595630274128501527
4603960359228652527
-4615210664209666225
-4614358208165304146
4603649560439827192
4598769333673171249
4596657955665289703
-4623938428421589408
-4620683363634316889
-4621550160633214481
4593826633004594600
-4630902013673058522
-4613183353205876496
4593745931705392862
-4621119812879972520
-4614891216454931252
-4621008422146053399
4602039983929166416
-4614854577575912804
-4625578123496968161
-4620674370796757556
4596489949740235520
-4614705351436641058
4604382881223785990
4603095607477143262
-4620704948609586136
4599590700434251499
4602829215735553976
4603908752675074971
-4615665398738753443
4602995714223526468
-4620135903796735765
4600063554180644347
-4618913975805881919
-4620635732626023777
-4624486207090318647
-4622630928395396878
-4618879916044784620
4604338634173603091
-4620674764643549492
-4619373444577993517
4596651614125417679
-4614815167771846723
-4640676402492011333
-4625019788002688538
4596317922799764455
4596035017686017288
4594132108496122882
-4615652790180003824
4594875422949583064
4595952553275244745
4600582969692929250
-4622088699923500551
4603516474219167284
4592354873089760732
-4624143843926499697
-4622046037578432370
-4612711106626787354
4597327516817659419
4602715347445512188
4604552150141710521
-4616131706564843050
-4626099027023932650
4586185462850353088
4606026762880976380
4603882457460554218
4596691806989880959
4595537745628837644
4596657955665289703
-4622698023024888867
4593346570885870110
4599468974659550833
4595975498338105025
4600652212814798821
4604568953000476186
-4615967103921915763
4597194156720396280
-4620235732324949172
4596290492434474078
4598322312123832028
4604610942384958730
-4619041182396157379
4595650864854271779
-4614802911427274298
-4620615692273624625
-4618962145119505130
4596858670254332342
-4622379670658709359
-4624037804848260421
4603571391302275966
-4618890650797367885
