-4627635930629694164
4592205330994124274
-4620627309389529748
-4620484321301146509
4599880384949689532
-4629326644657924907
-4629939170393723723
4602372857235674129
4593672251613585481
-4636290602606904099
4612503124420771869
-4628447202900579696
-4615333763207975148
-4632393430397962382
-4643053457148698578
4587969381935198682
4586866188856589393
-4626513243833480269
4599243663458724884
4593136705165543302
4593896743702486283
-4630178186851688260
4594776649839110337
4596205301219514770
4600100507527905436
4597847689616870382
-4629162144994431722
-4623048322971958021
4595365592170246490
-4629888777821279419
-4624599489255798841
-4615193273284056254
-4628412386464571167
4599515127740837153
4595100131295351306
4599781356351599021
4602483167654140523
4599653623788798246
4594630610823864997
4597727704814487323
4596437714147293555
-4629985400426873010
-4619070418666731694
-4627204587754075871
4596403862175774014
-4628758335763134059
-4624192687167571492
-4632456006649746698
-4632130929223883111
-4624053816526361286
-4629733187086298444
-4628954821926494655
-4633257800854373348
4598861621489230648
-4631788798823642906
-4632727053013544344
-4632786438654805910
-4612315210559901469
-4627929731561935231
-4624917255845949690
-4627270245561958820
4598929991154068395
4589453568824413203
-4624174698235531352
4608694141228787347
4598084404441852880
-4629025161574374778
-4623142074596849873
-4629939170393723723
4590870753423260914
-4632257511547993873
-4620575970624134730
-4627829365553324223
-4625090348494181104
4599927273010680222
4585166916703164631
4605954971620488831
-4623051222349834083
-4625171405161430567
-4628258112119417572
4587431585791583857
-4627780632790826224
-4626464693733864347
4598010939079951876
4596838381944843174
4599440170705881481
-4627941785951407531
4601607520768022177
4601915244376060929
-4646830358724701214
-4618890650797367885
