4601847172943765012
4605493297633459223
-4624196084686900202
-4611592019583101203
4605524973884400517
4602321951709844136
4593800817806356026
-4625033434804308161
-4621086468044189155
-4618104488972590204
4609024116870509315
-4638047972116592092
-4621447329267821790
4582528589998355711
-4620640641206609188
-4613890002195858082
-4621172991370285245
4605543345762522269
-4615215421475220652
-4628825258736002170
-4621115472721044412
4595508168030566779
-4617973455816648440
4598371630198379743
4598731901434590305
-4622686847091515982
4600468516575195790
4606062505755682121
4605932304034834119
-4615809225777479769
4605922150680882499
4608128107057357520
4604484404539119686
-4619765830422686913
-4621343670985512103
-4626433088805359374
-4623666682846517944
-4619421358898282019
4605106131947202397
-4622555918987118057
-4619431369664198303
4593895856364841194
-4619117170429292210
-4649459765736821040
-4627872111075456132
4608475897370828784
-4647561095668074546
4582390013098472640
-4618618426085454271
4606476735159391136
4609173054046027175
4604685877672138511
-4620272597741387338
4605389247422028456
4582030769535866407
-4617465624214139354
-4620257719511054400
-4633480472265762215
4602769311795421424
4608080410507930789
4605238584510696129
-4615871050836194992
-4629460075376517635
4605234676731159979
4605895725509514048
4604882476944782967
4590654880865149206
4606441932068311291
4593800817806356026
-4620894477853984628
4582457330678187212
4607413506101432848
4602411535116925193
4604976666040043065
4604318624818091277
-4614058593014456377
4610636672864786014
-4619168164107070607
4577088852885245574
4602743360154025939
4604874185811877338
-4616685281742305561
-4642129405391425884
-4619166194306050886
-4621915978579455558
-4620013949707947172
4602733773456639136
-4623822679443293951
-4625186538523246418
4605620765126878461
-4618890650797367885
