4600011516485962218
4604138680121405042
-4618104634981213425
-4611682756279048809
4606914902760738192
4598876225445094208
4594838495447969696
-4628533029641296474
-4623484094680411138
-4616048216938967736
4611314786577560272
-4636372147701548085
-4619486482852456728
4591135651234152703
-4625113982440818415
-4616916210815490234
-4624072533013191968
4603323379403805039
-4615704151643677406
-4628284523137375575
-4623498428943460909
4596051619379634289
-4616028410970955234
4603656971911516792
4606009304912580973
-4624435392774629491
4598834004820450945
4603400456012443395
4606424294370858002
-4612253716015918399
4603538760595475394
4608216729407666865
4604020492644448367
-4621938691475730164
-4623652020484332143
-4627930512443944772
-4629218103888665311
-4623667597361899770
4604437988481811430
-4624354037045601635
-4616536777221389677
4594911320033939872
-4616611925690552452
4585444128548709768
-4627973925769204166
4604598027825660668
4565510468947997658
4590912328108943956
-4616566460043869515
4604304207143853890
4604403952084249027
4603951308845566900
-4623604095613829832
4607099279500675407
4591192769618942979
-4612628619381834720
-4623608446170754336
-4618403515452916963
4599614485409264645
4607519382804049225
4606130292301374054
-4616198812485672406
-4628589800988402581
4603097244977019112
4605607165386636433
4604101267033558298
4593212150743050210
4602932419244207668
4594838495447969696
-4623002537497989620
4591198107796727869
4604924750127428448
4600094764222427006
4603085747483205678
4605733125908897929
-4616912678558641818
4610764623199578644
-4623255018775912963
4584765654187682775
4599152942238270754
4605919488671144662
-4616729205305786821
-4649348696588473921
-4616003223648940741
-4624021894012400868
-4620623784951678099
4599814006852924820
-4628793312773152084
-4628383845463860264
4603975961733437095
-4618890650797367885
