4592329036793677883
4607262901237423434
-4616359369084574397
4581671954836637111
4607408989799886684
4600873253656186967
4597472954173458650
-4627218683244317857
-4622567630192950906
-4619703941775789692
4610195060386179591
-4624724199459329080
-4618713897574905268
-4628222030735525915
-4627590499160944964
4590563493974164426
-4624102423018651527
4606274678235943281
-4620371165463249516
-4627322867250729071
-4622461269154353249
4597807977166873151
-4615958188818333719
4608954980358524929
4609482966982322219
-4621419221700354609
4602063202424729047
4605496746608285471
4606271177868642038
-4613759075158621002
4605761102219329566
4609283349265980116
4606830689673041174
-4616946353277793893
-4621931553836862005
-4627386855020755918
-4624368133113800274
-4617174222832851913
4607388490113208717
-4621341374457391585
-4616181909203857794
4597503616796187849
-4619593713604349527
-4624571405876602117
-4627450127027716818
-4624194381925538779
4594220661646083988
-4628699246154480911
-4619815325744701117
4588610527441439015
-4626013292827117010
4606720090646053073
-4621875715399826691
4607453154092232707
-4627452369369306644
-4613899196783387954
-4621996493214659090
-4615493854722080471
4597864559259861540
4608825622704587946
4608230505473283394
-4622610751483848456
-4627138616536204864
4606486492368505536
4608805553913479794
4607043666023107008
4596742533247526712
4604944716419107820
4597472954173458650
-4619423025195874093
-4627957616425554541
-4635816356706680045
4593622182778875907
4597426346599862052
4608307897192251092
-4629176026304697531
4610696235689594795
4594836567931269528
4594860122919053372
4599732855663787482
4608932504996706681
-4619110221310404726
-4641911487276259147
-4615374503048814105
-4621331792920169752
-4616725394485731886
4596367510253689971
-4623851129026751941
-4627243384768084690
4606771306213489349
-4618890650797367885
