4599269788524649361
4605601366056352907
-4615204162637410644
-4614160852222703508
4607550052344312631
4601072433408394984
4597312429060158234
-4624966121920125793
-4620714088284104522
-4618271949966419111
4608388488833589475
-4629379817556791405
-4614769256439380524
4579030832830916284
-4620561546533865997
-4615650785386340614
-4620615230309845751
4605473087599081910
-4616339989263077847
-4626952159173363134
-4620717687322273256
4597626216818289234
-4615549097775432032
4608268291205465816
4608742259184862292
-4621107177750876125
4602296939381530735
4605504570510141037
4606388594359152301
-4611394591149085767
4605548553783574731
4609314283334462222
4605713174296335597
-4618588096351373810
-4620736085577333516
-4625950335124762753
-4622428313895366107
-4618516217602600332
4605898686617280010
-4621045135246315954
-4618934828511410846
4597328961481735232
-4615906052004715046
-4633465254634868676
-4626631513444663974
4607026676783442630
4596262696106016894
4582118746656015690
-4615964716390284976
4605251831462311605
4605406447660095490
4605657539617930871
-4620460376429993621
4607607173477108750
-4672864167350661059
-4610934491580950669
-4620473450879224926
-4616551820188128191
4600298088536048588
4603737550748672420
4607531663784698944
-4616869926196949255
-4627155992600649550
4606060990204985969
4604123585554217357
4606567512703734773
4597036978481843489
4605587156005261092
4597312429060158234
-4620093352367277115
4576265294918391140
4603754046837190910
4599651814980814400
4603054840572559838
4607361532817332271
-4618142338176723194
4608907326146447968
-4621329196019073834
4596501758273434321
4600678531683740966
4607229207264105158
-4617252204644440532
4592586034506703832
-4615402844209166528
-4620822846027486275
-4618664946268982707
4600127258644284787
-4622199691815747409
-4625100032875086412
4605621503038568832
-4618890650797367885
