4600618580048275455
4607102473907538679
-4616671575404246855
-4611048929110867007
4608129673676588788
4600444745902785395
4598904813724769366
-4624162567943788964
-4620633558317573402
-4615881195995550655
4610071792890506140
-4632559542791113048
-4612909722597630717
4585630565961875719
-4619024659414661273
-4615681389336620979
-4619963699862789646
4605930045804002557
-4617179019572769662
-4627260908863689391
-4620658213988208647
4599068684060547578
-4616752208129714162
4607523294852737134
4608659854228019181
-4621454562562504852
4600669464855944450
4606812835091913783
4608294409782759846
-4611445736334425538
4606836541651363976
4611890922330344907
4605836497081952093
-4617041976496382306
-4620820875387019237
-4625065411648704034
-4621801717749781372
-4616415474422032911
4607546133950423063
-4621387040596300424
-4616392835369786676
4598911404358763535
-4616011172990780513
-4638366379587909983
-4626420551770181282
4607809126600609088
4599241879799989534
4587146449104580203
-4615417160389047272
4605397945852125890
4606326259817861051
4605689075442591820
-4618725402764618501
4608180359920765891
4582347246004875063
-4609706091035028897
-4618733233617229578
-4616116119538721799
4600621764416800393
4604708990047475230
4608199007336988361
-4615032811625825562
-4627788553947282611
4607753627641925159
4604547246111286717
4608074175228091901
4598848247654368647
4606880263756259344
4598904813724769366
-4618573280029951448
4584855025787040829
4601147695356082312
4600713431760832717
4599833221936604510
4608084010633138673
-4615172008166998603
4606302893613989652
-4618505715642083833
4599082686307093518
4600499069784961853
4608176182034063240
-4614313043583477711
4596057862630523999
-4616416702880927688
-4621065001911925469
-4617408261348140814
4600671194263825373
-4621639479234643941
-4624331450538720290
4606974440616807369
-4618890650797367885
